#-t-MSD1-MSD2-MSDCR1-MSDCR2-survive-Fkv-Fkvv-FkvvCR
100.000000 0.553627 0.000000 0.432653 0.000000 0.996949 0.977394 0.681360 0.739602
200.000000 0.716436 0.003245 0.475515 0.003416 0.995904 0.967791 0.609422 0.717066
300.000000 0.816866 0.006496 0.485287 0.007016 0.994916 0.960266 0.568436 0.711084
400.000000 0.890597 0.009728 0.490992 0.010600 0.993951 0.954085 0.539928 0.707152
500.000000 0.949471 0.012945 0.495835 0.014170 0.992998 0.948618 0.518123 0.703670
600.000000 0.997791 0.016149 0.499731 0.017728 0.992057 0.943810 0.500730 0.700638
700.000000 1.038570 0.019345 0.502854 0.021274 0.991127 0.939513 0.486482 0.698061
800.000000 1.074249 0.022540 0.506547 0.024823 0.990206 0.935466 0.474347 0.695190
900.000000 1.105749 0.025729 0.509472 0.028368 0.989288 0.931653 0.463831 0.692721
1000.000000 1.135652 0.028909 0.512798 0.031901 0.988377 0.928027 0.454028 0.690091
1100.000000 1.163073 0.032094 0.515881 0.035437 0.987473 0.924604 0.445180 0.687529
1200.000000 1.186848 0.035286 0.518792 0.038978 0.986578 0.921461 0.437631 0.685109
1300.000000 1.208956 0.038475 0.521109 0.042513 0.985685 0.918589 0.430757 0.682994
1400.000000 1.230751 0.041664 0.524526 0.046050 0.984797 0.915799 0.424099 0.680388
1500.000000 1.251339 0.044854 0.527442 0.049587 0.983914 0.913046 0.417896 0.678003
1600.000000 1.270118 0.048038 0.530025 0.053123 0.983035 0.910410 0.412360 0.675805
1700.000000 1.287854 0.051218 0.532678 0.056651 0.982165 0.907897 0.407217 0.673552
1800.000000 1.306129 0.054394 0.535989 0.060177 0.981301 0.905357 0.401864 0.671068
1900.000000 1.323072 0.057567 0.538502 0.063703 0.980442 0.902976 0.396940 0.668936
2000.000000 1.340326 0.060733 0.541936 0.067219 0.979587 0.900659 0.391915 0.666369
2100.000000 1.355811 0.063894 0.544347 0.070724 0.978738 0.898426 0.387474 0.664338
2200.000000 1.370889 0.067057 0.547232 0.074241 0.977893 0.896095 0.383235 0.662046
2300.000000 1.384811 0.070218 0.550042 0.077760 0.977049 0.893917 0.379341 0.659867
2400.000000 1.398320 0.073376 0.552318 0.081269 0.976212 0.891809 0.375586 0.657899
2500.000000 1.411553 0.076536 0.555036 0.084778 0.975376 0.889824 0.372064 0.655747
2600.000000 1.423976 0.079695 0.557720 0.088296 0.974544 0.887914 0.368688 0.653632
2700.000000 1.436708 0.082854 0.560653 0.091808 0.973715 0.886062 0.365140 0.651414
2800.000000 1.449603 0.086023 0.563502 0.095331 0.972890 0.884124 0.361765 0.649229
2900.000000 1.461047 0.089183 0.566482 0.098841 0.972065 0.882579 0.358770 0.646971
3000.000000 1.471482 0.092336 0.568787 0.102345 0.971243 0.880902 0.355876 0.645063
3100.000000 1.481633 0.095488 0.571206 0.105840 0.970424 0.879242 0.353035 0.643073
3200.000000 1.491631 0.098639 0.574042 0.109330 0.969608 0.877663 0.350410 0.640954
3300.000000 1.500937 0.101791 0.576551 0.112828 0.968796 0.876100 0.347901 0.638951
3400.000000 1.510817 0.104955 0.579099 0.116331 0.967985 0.874523 0.345362 0.636954
3500.000000 1.520749 0.108117 0.581961 0.119841 0.967180 0.873074 0.342707 0.634824
3600.000000 1.530154 0.111277 0.584816 0.123341 0.966380 0.871666 0.340259 0.632748
3700.000000 1.540104 0.114425 0.587707 0.126821 0.965581 0.870177 0.337813 0.630664
3800.000000 1.548744 0.117569 0.590412 0.130296 0.964784 0.868848 0.335600 0.628630
3900.000000 1.557377 0.120721 0.593003 0.133788 0.963987 0.867650 0.333379 0.626636
4000.000000 1.566652 0.123872 0.595787 0.137283 0.963192 0.866457 0.331202 0.624599
4100.000000 1.575192 0.127024 0.598169 0.140775 0.962400 0.865083 0.329044 0.622740
4200.000000 1.583843 0.130175 0.601085 0.144263 0.961610 0.863805 0.326986 0.620670
4300.000000 1.592347 0.133326 0.603554 0.147743 0.960821 0.862522 0.324949 0.618828
4400.000000 1.601195 0.136476 0.606216 0.151227 0.960034 0.861300 0.322867 0.616868
4500.000000 1.609995 0.139625 0.609214 0.154703 0.959248 0.859964 0.320777 0.614744
4600.000000 1.618423 0.142775 0.611851 0.158186 0.958465 0.858700 0.318753 0.612847
4700.000000 1.627162 0.145926 0.614284 0.161662 0.957682 0.857554 0.316671 0.611016
4800.000000 1.635542 0.149062 0.617137 0.165125 0.956902 0.856409 0.314775 0.608977
4900.000000 1.643710 0.152208 0.619770 0.168590 0.956122 0.855247 0.312908 0.607083
5000.000000 1.651213 0.155358 0.622459 0.172070 0.955347 0.854154 0.311095 0.605145
5100.000000 1.659441 0.158513 0.625414 0.175557 0.954574 0.853134 0.309145 0.603096
5200.000000 1.666773 0.161661 0.627891 0.179036 0.953801 0.852083 0.307370 0.601341
5300.000000 1.673079 0.164813 0.630245 0.182507 0.953029 0.851119 0.305813 0.599534
5400.000000 1.679263 0.167969 0.632725 0.185993 0.952259 0.850160 0.304255 0.597738
5500.000000 1.686858 0.171122 0.635626 0.189468 0.951493 0.849206 0.302469 0.595738
5600.000000 1.692959 0.174278 0.637755 0.192950 0.950725 0.848282 0.301061 0.594081
5700.000000 1.699806 0.177426 0.640624 0.196416 0.949961 0.847233 0.299392 0.592148
5800.000000 1.706162 0.180574 0.643202 0.199887 0.949197 0.846380 0.297954 0.590325
5900.000000 1.712456 0.183718 0.646061 0.203356 0.948435 0.845482 0.296540 0.588411
6000.000000 1.719154 0.186857 0.648717 0.206827 0.947673 0.844529 0.294934 0.586532
6100.000000 1.725318 0.189991 0.651224 0.210290 0.946912 0.843639 0.293420 0.584755
6200.000000 1.732669 0.193129 0.654523 0.213754 0.946150 0.842544 0.291732 0.582667
6300.000000 1.738701 0.196267 0.656887 0.217219 0.945391 0.841644 0.290328 0.580970
6400.000000 1.744781 0.199410 0.659296 0.220684 0.944634 0.840635 0.288873 0.579236
6500.000000 1.750855 0.202554 0.662065 0.224155 0.943878 0.839671 0.287444 0.577394
6600.000000 1.757388 0.205699 0.664805 0.227636 0.943125 0.838802 0.286003 0.575582
6700.000000 1.764017 0.208847 0.667362 0.231117 0.942372 0.837856 0.284571 0.573830
6800.000000 1.770447 0.211997 0.670367 0.234596 0.941621 0.836917 0.283033 0.571882
6900.000000 1.776247 0.215159 0.673167 0.238081 0.940872 0.836031 0.281760 0.570064
7000.000000 1.782461 0.218324 0.675549 0.241577 0.940124 0.835159 0.280341 0.568382
7100.000000 1.788788 0.221500 0.678374 0.245077 0.939378 0.834294 0.278930 0.566548
7200.000000 1.794665 0.224666 0.680795 0.248565 0.938633 0.833430 0.277596 0.564906
7300.000000 1.800228 0.227835 0.683640 0.252061 0.937886 0.832535 0.276385 0.563056
7400.000000 1.804838 0.230998 0.686189 0.255548 0.937141 0.831765 0.275370 0.561389
7500.000000 1.810119 0.234161 0.688668 0.259040 0.936398 0.831057 0.274130 0.559714
7600.000000 1.816478 0.237321 0.691674 0.262510 0.935656 0.830255 0.272675 0.557795
7700.000000 1.820991 0.240482 0.694086 0.265989 0.934913 0.829523 0.271687 0.556169
7800.000000 1.826822 0.243645 0.697204 0.269482 0.934174 0.828678 0.270361 0.554256
7900.000000 1.831160 0.246795 0.699704 0.272967 0.933435 0.827957 0.269362 0.552597
8000.000000 1.836257 0.249944 0.702483 0.276450 0.932697 0.827253 0.268391 0.550904
8100.000000 1.841108 0.253092 0.705190 0.279923 0.931960 0.826659 0.267318 0.549187
8200.000000 1.846088 0.256245 0.707842 0.283387 0.931225 0.826006 0.266202 0.547482
8300.000000 1.851759 0.259405 0.710567 0.286869 0.930491 0.825316 0.265072 0.545715
8400.000000 1.857816 0.262565 0.713369 0.290354 0.929759 0.824495 0.263789 0.544021
8500.000000 1.861959 0.265727 0.715981 0.293836 0.929026 0.824031 0.262903 0.542356
8600.000000 1.867351 0.268884 0.718398 0.297313 0.928293 0.823300 0.261802 0.540783
8700.000000 1.871759 0.272047 0.721085 0.300803 0.927561 0.822667 0.260803 0.539070
8800.000000 1.876795 0.275210 0.723713 0.304291 0.926831 0.822062 0.259632 0.537413
8900.000000 1.880989 0.278376 0.726150 0.307809 0.926102 0.821416 0.258679 0.535773
9000.000000 1.886008 0.281535 0.729287 0.311311 0.925375 0.820807 0.257588 0.533930
9100.000000 1.890425 0.284690 0.731569 0.314803 0.924649 0.820062 0.256682 0.532474
9200.000000 1.895297 0.287837 0.733991 0.318287 0.923925 0.819284 0.255616 0.530930
9300.000000 1.901138 0.290986 0.736925 0.321773 0.923199 0.818455 0.254420 0.529166
9400.000000 1.906012 0.294135 0.739371 0.325263 0.922473 0.817775 0.253382 0.527562
9500.000000 1.911424 0.297290 0.742079 0.328757 0.921749 0.817067 0.252397 0.525962
9600.000000 1.916090 0.300444 0.744401 0.332239 0.921026 0.816426 0.251445 0.524451
9700.000000 1.921240 0.303593 0.747150 0.335704 0.920304 0.815790 0.250460 0.522821
9800.000000 1.926969 0.306741 0.749950 0.339169 0.919584 0.814972 0.249403 0.521176
9900.000000 1.932498 0.309887 0.752702 0.342626 0.918867 0.814283 0.248277 0.519566
10000.000000 1.937961 0.313029 0.755482 0.346094 0.918150 0.813521 0.247181 0.517926
10100.000000 1.943113 0.316176 0.758069 0.349580 0.917433 0.812943 0.246184 0.516392
10200.000000 1.947080 0.319332 0.760874 0.353072 0.916717 0.812438 0.245427 0.514733
10300.000000 1.951297 0.322485 0.763652 0.356558 0.916002 0.811917 0.244606 0.513095
10400.000000 1.955102 0.325641 0.766153 0.360042 0.915287 0.811392 0.243827 0.511596
10500.000000 1.960208 0.328799 0.768771 0.363534 0.914573 0.810730 0.242850 0.510053
10600.000000 1.963991 0.331952 0.771491 0.367019 0.913859 0.810283 0.241972 0.508447
10700.000000 1.967615 0.335116 0.773743 0.370532 0.913146 0.809897 0.241303 0.507042
10800.000000 1.972034 0.338281 0.776698 0.374040 0.912435 0.809502 0.240519 0.505411
10900.000000 1.976685 0.341436 0.779491 0.377546 0.911724 0.809118 0.239579 0.503798
11000.000000 1.981377 0.344600 0.782697 0.381055 0.911014 0.808663 0.238672 0.502059
11100.000000 1.984870 0.347756 0.785035 0.384563 0.910306 0.808294 0.237966 0.500650
11200.000000 1.988269 0.350906 0.787454 0.388043 0.909598 0.807905 0.237249 0.499173
11300.000000 1.992217 0.354060 0.790494 0.391531 0.908892 0.807664 0.236412 0.497517
11400.000000 1.996426 0.357220 0.793270 0.395030 0.908187 0.807284 0.235614 0.496050
11500.000000 2.000811 0.360375 0.795790 0.398530 0.907483 0.806914 0.234660 0.494544
11600.000000 2.003638 0.363524 0.798025 0.402042 0.906781 0.806624 0.234035 0.493206
11700.000000 2.007900 0.366663 0.801345 0.405518 0.906079 0.806231 0.233106 0.491456
11800.000000 2.012127 0.369811 0.804037 0.408995 0.905381 0.805887 0.232394 0.490026
11900.000000 2.015594 0.372955 0.806628 0.412490 0.904682 0.805640 0.231615 0.488554
12000.000000 2.019581 0.376100 0.809494 0.415987 0.903985 0.805451 0.230920 0.487034
12100.000000 2.022510 0.379247 0.812031 0.419477 0.903290 0.805225 0.230293 0.485610
12200.000000 2.026270 0.382389 0.814567 0.422964 0.902597 0.805054 0.229621 0.484151
12300.000000 2.030656 0.385524 0.817198 0.426444 0.901905 0.804746 0.228856 0.482735
12400.000000 2.034155 0.388663 0.819885 0.429922 0.901216 0.804516 0.228243 0.481225
12500.000000 2.038433 0.391797 0.823041 0.433403 0.900528 0.804353 0.227561 0.479658
12600.000000 2.041815 0.394937 0.825374 0.436887 0.899841 0.804146 0.226901 0.478297
12700.000000 2.046348 0.398069 0.828121 0.440356 0.899157 0.803860 0.226061 0.476823
12800.000000 2.050552 0.401195 0.831262 0.443828 0.898474 0.803580 0.225318 0.475251
12900.000000 2.053137 0.404328 0.833323 0.447320 0.897791 0.803288 0.224897 0.474043
13000.000000 2.057071 0.407453 0.836281 0.450791 0.897109 0.802859 0.224246 0.472522
13100.000000 2.060470 0.410587 0.838884 0.454280 0.896428 0.802492 0.223635 0.471155
13200.000000 2.064863 0.413722 0.841838 0.457762 0.895746 0.802080 0.222890 0.469600
13300.000000 2.068564 0.416851 0.844094 0.461241 0.895066 0.801615 0.222172 0.468331
13400.000000 2.072133 0.419982 0.846490 0.464709 0.894387 0.801152 0.221387 0.466982
13500.000000 2.076328 0.423112 0.849503 0.468170 0.893706 0.800699 0.220761 0.465455
13600.000000 2.079655 0.426236 0.851863 0.471646 0.893025 0.800328 0.220289 0.464158
13700.000000 2.083170 0.429360 0.854580 0.475110 0.892345 0.799837 0.219655 0.462710
13800.000000 2.087256 0.432488 0.857439 0.478574 0.891666 0.799470 0.218974 0.461224
13900.000000 2.091006 0.435617 0.859768 0.482030 0.890988 0.798986 0.218241 0.459969
14000.000000 2.094510 0.438746 0.862461 0.485494 0.890311 0.798557 0.217594 0.458570
14100.000000 2.098210 0.441881 0.865260 0.488951 0.889636 0.798121 0.217030 0.457178
14200.000000 2.101525 0.445014 0.868350 0.492409 0.888963 0.797846 0.216526 0.455652
14300.000000 2.103750 0.448145 0.870176 0.495855 0.888293 0.797508 0.216071 0.454528
14400.000000 2.107147 0.451279 0.873534 0.499311 0.887621 0.797108 0.215465 0.453004
14500.000000 2.110364 0.454412 0.876050 0.502764 0.886950 0.796759 0.214825 0.451628
14600.000000 2.113751 0.457540 0.878488 0.506221 0.886280 0.796434 0.214243 0.450319
14700.000000 2.117396 0.460672 0.881033 0.509680 0.885611 0.796068 0.213597 0.449009
14800.000000 2.121061 0.463799 0.883585 0.513137 0.884942 0.795745 0.212951 0.447677
14900.000000 2.124354 0.466925 0.885750 0.516594 0.884275 0.795306 0.212324 0.446463
15000.000000 2.129433 0.470052 0.888923 0.520051 0.883609 0.794790 0.211391 0.444938
15100.000000 2.132972 0.473184 0.891777 0.523503 0.882944 0.794461 0.210780 0.443594
15200.000000 2.136692 0.476311 0.894078 0.526966 0.882280 0.794094 0.210109 0.442335
15300.000000 2.140060 0.479430 0.896743 0.530421 0.881617 0.793690 0.209573 0.440989
15400.000000 2.143887 0.482552 0.899112 0.533863 0.880953 0.793323 0.208990 0.439790
15500.000000 2.148533 0.485682 0.901999 0.537315 0.880288 0.792892 0.208280 0.438403
15600.000000 2.151876 0.488816 0.904351 0.540772 0.879623 0.792620 0.207686 0.437177
15700.000000 2.155126 0.491958 0.906959 0.544251 0.878959 0.792277 0.207066 0.435908
15800.000000 2.158951 0.495090 0.909758 0.547712 0.878298 0.791833 0.206386 0.434559
15900.000000 2.162570 0.498221 0.912468 0.551183 0.877637 0.791550 0.205656 0.433213
16000.000000 2.166842 0.501351 0.915053 0.554647 0.876978 0.791027 0.204945 0.431917
16100.000000 2.169958 0.504485 0.917374 0.558122 0.876320 0.790609 0.204336 0.430728
16200.000000 2.173171 0.507619 0.919876 0.561590 0.875661 0.790316 0.203634 0.429416
16300.000000 2.177534 0.510751 0.922519 0.565053 0.875003 0.790006 0.202910 0.428109
16400.000000 2.182166 0.513892 0.925352 0.568527 0.874344 0.789629 0.202200 0.426793
16500.000000 2.186071 0.517017 0.928293 0.571977 0.873685 0.789184 0.201573 0.425461
16600.000000 2.189547 0.520152 0.930402 0.575452 0.873027 0.788670 0.200903 0.424338
16700.000000 2.193479 0.523286 0.933251 0.578912 0.872370 0.788137 0.200119 0.423003
16800.000000 2.197951 0.526431 0.936178 0.582395 0.871714 0.787726 0.199328 0.421689
16900.000000 2.201368 0.529568 0.938961 0.585863 0.871061 0.787370 0.198701 0.420391
17000.000000 2.205318 0.532706 0.941556 0.589332 0.870410 0.787051 0.198035 0.419153
17100.000000 2.208757 0.535848 0.943938 0.592802 0.869760 0.786762 0.197406 0.417919
17200.000000 2.213139 0.538992 0.946783 0.596289 0.869112 0.786291 0.196732 0.416666
17300.000000 2.217532 0.542138 0.949733 0.599775 0.868466 0.785879 0.195965 0.415368
17400.000000 2.221301 0.545280 0.951872 0.603252 0.867820 0.785689 0.195314 0.414248
17500.000000 2.226146 0.548422 0.955110 0.606727 0.867174 0.785275 0.194511 0.412866
17600.000000 2.230235 0.551565 0.957214 0.610207 0.866530 0.784892 0.193792 0.411785
17700.000000 2.235261 0.554703 0.959921 0.613668 0.865886 0.784517 0.192941 0.410528
17800.000000 2.240474 0.557841 0.963043 0.617141 0.865243 0.783932 0.192102 0.409204
17900.000000 2.244956 0.560981 0.965352 0.620600 0.864599 0.783490 0.191228 0.408059
18000.000000 2.249236 0.564122 0.967643 0.624075 0.863956 0.783016 0.190518 0.406949
18100.000000 2.254007 0.567264 0.970661 0.627548 0.863312 0.782639 0.189791 0.405676
18200.000000 2.258486 0.570407 0.973442 0.631029 0.862667 0.782339 0.189117 0.404441
18300.000000 2.263225 0.573546 0.976193 0.634508 0.862023 0.781985 0.188307 0.403185
18400.000000 2.267081 0.576685 0.978633 0.637984 0.861379 0.781743 0.187647 0.402036
18500.000000 2.271573 0.579815 0.981466 0.641452 0.860735 0.781507 0.186950 0.400804
18600.000000 2.275310 0.582942 0.983777 0.644908 0.860092 0.781217 0.186326 0.399701
18700.000000 2.278719 0.586067 0.986492 0.648342 0.859449 0.780986 0.185752 0.398484
18800.000000 2.281983 0.589188 0.988875 0.651798 0.858809 0.780780 0.185124 0.397344
18900.000000 2.285464 0.592310 0.991631 0.655238 0.858170 0.780470 0.184512 0.396133
19000.000000 2.288789 0.595425 0.994384 0.658691 0.857531 0.780284 0.183893 0.394962
19100.000000 2.291780 0.598539 0.997425 0.662139 0.856891 0.780229 0.183339 0.393655
19200.000000 2.295527 0.601651 1.000459 0.665586 0.856252 0.780056 0.182687 0.392384
19300.000000 2.298521 0.604749 1.002812 0.669015 0.855614 0.779841 0.182110 0.391283
19400.000000 2.301585 0.607847 1.005301 0.672459 0.854976 0.779580 0.181570 0.390193
19500.000000 2.304622 0.610953 1.007983 0.675905 0.854341 0.779460 0.181028 0.388997
19600.000000 2.308565 0.614047 1.011174 0.679339 0.853705 0.779229 0.180426 0.387705
19700.000000 2.311139 0.617144 1.013568 0.682782 0.853072 0.779018 0.179999 0.386651
19800.000000 2.313608 0.620234 1.015974 0.686208 0.852440 0.778876 0.179465 0.385593
19900.000000 2.316378 0.623321 1.018102 0.689627 0.851807 0.778745 0.179005 0.384539
20000.000000 2.319536 0.626409 1.021069 0.693039 0.851175 0.778517 0.178528 0.383331
20100.000000 2.322037 0.629504 1.023495 0.696449 0.850545 0.778409 0.178142 0.382240
20200.000000 2.324801 0.632604 1.026510 0.699862 0.849916 0.778123 0.177706 0.381035
20300.000000 2.326982 0.635698 1.028614 0.703283 0.849287 0.778033 0.177307 0.380017
20400.000000 2.329430 0.638787 1.031622 0.706695 0.848659 0.777946 0.176867 0.378812
20500.000000 2.331595 0.641866 1.034361 0.710100 0.848033 0.777802 0.176473 0.377716
20600.000000 2.333823 0.644950 1.037226 0.713518 0.847406 0.777700 0.176073 0.376530
20700.000000 2.335968 0.648025 1.039757 0.716899 0.846777 0.777639 0.175651 0.375440
20800.000000 2.337406 0.651106 1.041929 0.720300 0.846150 0.777478 0.175300 0.374519
20900.000000 2.340188 0.654182 1.045243 0.723696 0.845524 0.777274 0.174769 0.373167
21000.000000 2.341665 0.657262 1.047298 0.727095 0.844898 0.776965 0.174419 0.372203
21100.000000 2.344419 0.660343 1.050176 0.730497 0.844274 0.776748 0.173853 0.371059
21200.000000 2.346762 0.663416 1.052054 0.733879 0.843651 0.776637 0.173449 0.370166
21300.000000 2.351730 0.666498 1.055557 0.737273 0.843029 0.776339 0.172633 0.368896
21400.000000 2.355576 0.669577 1.058299 0.740681 0.842408 0.776122 0.172049 0.367732
21500.000000 2.360379 0.672664 1.061171 0.744111 0.841788 0.775809 0.171420 0.366593
21600.000000 2.364065 0.675746 1.063717 0.747521 0.841169 0.775605 0.170927 0.365534
21700.000000 2.366696 0.678827 1.066128 0.750920 0.840551 0.775495 0.170508 0.364536
21800.000000 2.369618 0.681911 1.069068 0.754341 0.839934 0.775200 0.170008 0.363397
21900.000000 2.372221 0.684989 1.071269 0.757742 0.839317 0.774917 0.169620 0.362410
22000.000000 2.375551 0.688059 1.073888 0.761139 0.838702 0.774558 0.169157 0.361382
22100.000000 2.379667 0.691134 1.077182 0.764547 0.838088 0.774293 0.168588 0.360192
22200.000000 2.383864 0.694211 1.079740 0.767958 0.837474 0.773960 0.168028 0.359112
22300.000000 2.387400 0.697288 1.082164 0.771383 0.836860 0.773601 0.167530 0.358070
22400.000000 2.390747 0.700366 1.084560 0.774805 0.836246 0.773300 0.167086 0.357129
22500.000000 2.394787 0.703438 1.087328 0.778219 0.835633 0.772970 0.166569 0.356060
22600.000000 2.398950 0.706511 1.090180 0.781623 0.835021 0.772600 0.165955 0.354933
22700.000000 2.403096 0.709575 1.092808 0.785015 0.834411 0.772320 0.165386 0.353921
22800.000000 2.407490 0.712641 1.095304 0.788419 0.833800 0.771973 0.164837 0.352914
22900.000000 2.411248 0.715703 1.098239 0.791805 0.833191 0.771706 0.164310 0.351784
23000.000000 2.416013 0.718760 1.101144 0.795183 0.832582 0.771538 0.163732 0.350664
23100.000000 2.419619 0.721819 1.103837 0.798568 0.831976 0.771214 0.163184 0.349627
23200.000000 2.423129 0.724879 1.106282 0.801952 0.831371 0.770929 0.162583 0.348642
23300.000000 2.425876 0.727926 1.108766 0.805340 0.830766 0.770686 0.162227 0.347687
23400.000000 2.429150 0.730975 1.111181 0.808724 0.830162 0.770570 0.161757 0.346719
23500.000000 2.434252 0.734028 1.114526 0.812109 0.829558 0.770350 0.161098 0.345500
23600.000000 2.438091 0.737091 1.116943 0.815496 0.828955 0.770162 0.160616 0.344540
23700.000000 2.441285 0.740157 1.119347 0.818884 0.828354 0.769939 0.160109 0.343585
23800.000000 2.445674 0.743224 1.122588 0.822289 0.827753 0.769703 0.159526 0.342425
23900.000000 2.448154 0.746292 1.124853 0.825705 0.827152 0.769613 0.159159 0.341541
24000.000000 2.451144 0.749371 1.127589 0.829116 0.826551 0.769598 0.158737 0.340540
24100.000000 2.453927 0.752455 1.130325 0.832551 0.825952 0.769398 0.158189 0.339522
24200.000000 2.456575 0.755533 1.132846 0.835960 0.825353 0.769166 0.157793 0.338600
24300.000000 2.459217 0.758616 1.135554 0.839393 0.824755 0.768947 0.157263 0.337624
24400.000000 2.462061 0.761706 1.138326 0.842815 0.824158 0.768903 0.156856 0.336593
24500.000000 2.464512 0.764785 1.141118 0.846225 0.823561 0.768746 0.156483 0.335574
24600.000000 2.466877 0.767862 1.143960 0.849646 0.822967 0.768623 0.156129 0.334572
24700.000000 2.469840 0.770952 1.146573 0.853086 0.822373 0.768475 0.155715 0.333563
24800.000000 2.472353 0.774042 1.149555 0.856514 0.821778 0.768501 0.155322 0.332549
24900.000000 2.475118 0.777134 1.151942 0.859924 0.821185 0.768400 0.154905 0.331613
25000.000000 2.476852 0.780217 1.154211 0.863338 0.820592 0.768365 0.154614 0.330793
25100.000000 2.478509 0.783301 1.157106 0.866733 0.819999 0.768407 0.154356 0.329784
25200.000000 2.480517 0.786386 1.159979 0.870136 0.819407 0.768313 0.153991 0.328759
25300.000000 2.482601 0.789467 1.162784 0.873530 0.818816 0.768217 0.153621 0.327771
25400.000000 2.485528 0.792550 1.165442 0.876929 0.818224 0.768144 0.153193 0.326789
25500.000000 2.487377 0.795628 1.168222 0.880325 0.817634 0.768183 0.152949 0.325854
25600.000000 2.490371 0.798711 1.171166 0.883752 0.817043 0.768154 0.152444 0.324851
25700.000000 2.492427 0.801797 1.173415 0.887167 0.816453 0.768084 0.152121 0.323961
25800.000000 2.494826 0.804885 1.176355 0.890578 0.815865 0.767977 0.151747 0.322990
25900.000000 2.497908 0.807976 1.179389 0.893983 0.815276 0.767751 0.151271 0.321964
26000.000000 2.499133 0.811067 1.181584 0.897387 0.814687 0.767636 0.151065 0.321165
26100.000000 2.502148 0.814155 1.184376 0.900791 0.814099 0.767595 0.150613 0.320181
26200.000000 2.504619 0.817248 1.187256 0.904187 0.813512 0.767353 0.150227 0.319228
26300.000000 2.507960 0.820332 1.190272 0.907584 0.812925 0.767040 0.149740 0.318217
26400.000000 2.511169 0.823412 1.192943 0.910975 0.812339 0.766782 0.149358 0.317297
26500.000000 2.513298 0.826489 1.195072 0.914353 0.811753 0.766534 0.148978 0.316488
26600.000000 2.515036 0.829567 1.197044 0.917745 0.811167 0.766302 0.148591 0.315705
26700.000000 2.517784 0.832653 1.199972 0.921141 0.810581 0.766096 0.148178 0.314756
26800.000000 2.520764 0.835754 1.202967 0.924564 0.809997 0.765945 0.147761 0.313741
26900.000000 2.525023 0.838862 1.206154 0.928003 0.809413 0.765773 0.147096 0.312696
27000.000000 2.529269 0.841971 1.209149 0.931417 0.808828 0.765483 0.146509 0.311738
27100.000000 2.532748 0.845077 1.211927 0.934838 0.808244 0.765305 0.146041 0.310866
27200.000000 2.535521 0.848192 1.214523 0.938274 0.807662 0.765075 0.145622 0.309955
27300.000000 2.537816 0.851300 1.217329 0.941710 0.807079 0.765065 0.145246 0.309017
27400.000000 2.540328 0.854406 1.219965 0.945125 0.806496 0.764871 0.144849 0.308094
27500.000000 2.543400 0.857513 1.222295 0.948555 0.805915 0.764687 0.144398 0.307300
27600.000000 2.546034 0.860617 1.225200 0.951980 0.805333 0.764538 0.144036 0.306361
27700.000000 2.548808 0.863713 1.227636 0.955393 0.804753 0.764367 0.143594 0.305461
27800.000000 2.552174 0.866797 1.230628 0.958789 0.804173 0.764237 0.143163 0.304571
27900.000000 2.554895 0.869887 1.233398 0.962194 0.803593 0.764034 0.142745 0.303641
28000.000000 2.557926 0.872975 1.236184 0.965608 0.803015 0.763866 0.142353 0.302784
28100.000000 2.560907 0.876061 1.238640 0.969013 0.802436 0.763661 0.141957 0.301892
28200.000000 2.563641 0.879156 1.240970 0.972448 0.801858 0.763590 0.141664 0.301076
28300.000000 2.565772 0.882244 1.243961 0.975870 0.801281 0.763549 0.141358 0.300153
28400.000000 2.568079 0.885313 1.246651 0.979233 0.800702 0.763398 0.141010 0.299259
28500.000000 2.571007 0.888393 1.249661 0.982637 0.800123 0.763178 0.140610 0.298345
28600.000000 2.573369 0.891464 1.252109 0.986029 0.799544 0.762921 0.140280 0.297512
28700.000000 2.576516 0.894543 1.254935 0.989441 0.798965 0.762604 0.139902 0.296580
28800.000000 2.579298 0.897620 1.257350 0.992862 0.798387 0.762291 0.139567 0.295810
28900.000000 2.581941 0.900689 1.260067 0.996251 0.797810 0.761999 0.139284 0.294944
29000.000000 2.585661 0.903748 1.262967 0.999654 0.797232 0.761689 0.138829 0.294081
29100.000000 2.588802 0.906820 1.265731 1.003045 0.796656 0.761580 0.138483 0.293165
29200.000000 2.590985 0.909886 1.268310 1.006429 0.796078 0.761443 0.138220 0.292324
29300.000000 2.593828 0.912949 1.270921 1.009817 0.795501 0.761189 0.137836 0.291463
29400.000000 2.597534 0.916007 1.273263 1.013203 0.794923 0.760799 0.137411 0.290664
29500.000000 2.601623 0.919078 1.276512 1.016601 0.794347 0.760477 0.136937 0.289697
29600.000000 2.604163 0.922149 1.278938 1.019995 0.793772 0.760169 0.136621 0.288896
29700.000000 2.607735 0.925218 1.281746 1.023375 0.793197 0.759733 0.136174 0.288032
29800.000000 2.611500 0.928281 1.284287 1.026738 0.792623 0.759348 0.135734 0.287176
29900.000000 2.615023 0.931326 1.287038 1.030103 0.792050 0.758972 0.135317 0.286359
30000.000000 2.618458 0.934372 1.289992 1.033459 0.791478 0.758661 0.134970 0.285462
30100.000000 2.622646 0.937413 1.292550 1.036802 0.790907 0.758385 0.134486 0.284672
30200.000000 2.625621 0.940453 1.295046 1.040153 0.790337 0.757999 0.134131 0.283895
30300.000000 2.628956 0.943477 1.298034 1.043470 0.789768 0.757680 0.133640 0.282962
30400.000000 2.632308 0.946504 1.300340 1.046778 0.789200 0.757297 0.133263 0.282213
30500.000000 2.635055 0.949518 1.302774 1.050085 0.788634 0.756932 0.132901 0.281461
30600.000000 2.638433 0.952545 1.305682 1.053395 0.788067 0.756430 0.132491 0.280650
30700.000000 2.641809 0.955577 1.308747 1.056708 0.787501 0.756025 0.132051 0.279751
30800.000000 2.643666 0.958601 1.311032 1.060031 0.786935 0.755814 0.131730 0.278988
30900.000000 2.645844 0.961643 1.313629 1.063347 0.786370 0.755538 0.131431 0.278189
31000.000000 2.648624 0.964687 1.316251 1.066669 0.785806 0.755191 0.131031 0.277389
31100.000000 2.652280 0.967733 1.318669 1.070022 0.785241 0.754859 0.130549 0.276622
31200.000000 2.655899 0.970775 1.321578 1.073362 0.784677 0.754654 0.130084 0.275762
31300.000000 2.659635 0.973809 1.324280 1.076693 0.784112 0.754239 0.129576 0.274954
31400.000000 2.662636 0.976856 1.326615 1.080032 0.783549 0.753976 0.129164 0.274203
31500.000000 2.665915 0.979886 1.329392 1.083352 0.782985 0.753747 0.128733 0.273397
31600.000000 2.669189 0.982913 1.332108 1.086665 0.782423 0.753565 0.128383 0.272590
31700.000000 2.671995 0.985940 1.334561 1.089985 0.781860 0.753110 0.128045 0.271810
31800.000000 2.675481 0.988961 1.337119 1.093310 0.781299 0.752792 0.127657 0.271070
31900.000000 2.679652 0.991985 1.340316 1.096618 0.780739 0.752483 0.127208 0.270202
32000.000000 2.684371 0.995009 1.343498 1.099918 0.780178 0.752084 0.126714 0.269338
32100.000000 2.688061 0.998042 1.345711 1.103250 0.779618 0.751676 0.126236 0.268593
32200.000000 2.692235 1.001092 1.348807 1.106594 0.779059 0.751426 0.125779 0.267779
32300.000000 2.697305 1.004126 1.351435 1.109924 0.778499 0.750924 0.125225 0.267008
32400.000000 2.701304 1.007167 1.354407 1.113264 0.777940 0.750475 0.124753 0.266178
32500.000000 2.704738 1.010203 1.356657 1.116597 0.777380 0.750031 0.124395 0.265524
32600.000000 2.708957 1.013226 1.359061 1.119929 0.776821 0.749705 0.123917 0.264760
32700.000000 2.712306 1.016242 1.362131 1.123261 0.776263 0.749411 0.123512 0.263948
32800.000000 2.715870 1.019245 1.365191 1.126563 0.775703 0.749029 0.123090 0.263110
32900.000000 2.719542 1.022253 1.367623 1.129861 0.775145 0.748733 0.122680 0.262390
33000.000000 2.722671 1.025236 1.370195 1.133147 0.774588 0.748466 0.122290 0.261639
33100.000000 2.725822 1.028216 1.372852 1.136418 0.774030 0.748228 0.121929 0.260916
33200.000000 2.730515 1.031192 1.375680 1.139656 0.773473 0.747926 0.121485 0.260117
33300.000000 2.734383 1.034166 1.378257 1.142905 0.772916 0.747627 0.121109 0.259354
33400.000000 2.738956 1.037132 1.380554 1.146170 0.772359 0.747236 0.120754 0.258653
33500.000000 2.743411 1.040101 1.383797 1.149420 0.771801 0.746880 0.120242 0.257797
33600.000000 2.747067 1.043084 1.386385 1.152697 0.771243 0.746470 0.119792 0.257069
33700.000000 2.749932 1.046068 1.388432 1.155959 0.770688 0.746113 0.119464 0.256436
33800.000000 2.753246 1.049047 1.391564 1.159220 0.770132 0.745737 0.119116 0.255622
33900.000000 2.757556 1.052029 1.394505 1.162494 0.769578 0.745317 0.118691 0.254848
34000.000000 2.761437 1.055024 1.397215 1.165788 0.769024 0.744948 0.118226 0.254046
34100.000000 2.764468 1.058005 1.399415 1.169062 0.768470 0.744566 0.117851 0.253376
34200.000000 2.768550 1.060987 1.401968 1.172341 0.767917 0.744068 0.117387 0.252676
34300.000000 2.771621 1.063972 1.404989 1.175620 0.767363 0.743739 0.117014 0.251885
34400.000000 2.775106 1.066968 1.407552 1.178923 0.766810 0.743342 0.116643 0.251198
34500.000000 2.779017 1.069958 1.410241 1.182186 0.766258 0.743012 0.116223 0.250478
34600.000000 2.782840 1.072950 1.412948 1.185477 0.765706 0.742647 0.115708 0.249739
34700.000000 2.786799 1.075935 1.415777 1.188759 0.765156 0.742257 0.115318 0.248964
34800.000000 2.790305 1.078921 1.418689 1.192032 0.764606 0.741918 0.114930 0.248183
34900.000000 2.794032 1.081916 1.421504 1.195316 0.764057 0.741639 0.114584 0.247523
35000.000000 2.797995 1.084890 1.424265 1.198585 0.763509 0.741354 0.114175 0.246770
35100.000000 2.801178 1.087869 1.426657 1.201855 0.762960 0.741078 0.113811 0.246071
35200.000000 2.804203 1.090847 1.429134 1.205141 0.762412 0.740707 0.113510 0.245393
35300.000000 2.807624 1.093831 1.431706 1.208414 0.761863 0.740481 0.113130 0.244696
35400.000000 2.809783 1.096819 1.433813 1.211704 0.761315 0.740339 0.112848 0.244120
35500.000000 2.813386 1.099797 1.437030 1.214962 0.760768 0.740138 0.112443 0.243257
35600.000000 2.817673 1.102780 1.440064 1.218228 0.760220 0.739854 0.112007 0.242545
35700.000000 2.820690 1.105758 1.442604 1.221467 0.759673 0.739602 0.111678 0.241847
35800.000000 2.823879 1.108747 1.445212 1.224734 0.759128 0.739288 0.111291 0.241153
35900.000000 2.826258 1.111726 1.447379 1.228020 0.758582 0.739058 0.111046 0.240509
36000.000000 2.829651 1.114699 1.450430 1.231295 0.758038 0.738920 0.110762 0.239767
36100.000000 2.832274 1.117670 1.452769 1.234554 0.757494 0.738820 0.110447 0.239101
36200.000000 2.835373 1.120629 1.455757 1.237830 0.756950 0.738742 0.110167 0.238375
36300.000000 2.838334 1.123599 1.458574 1.241085 0.756408 0.738658 0.109823 0.237666
36400.000000 2.840030 1.126552 1.460993 1.244327 0.755865 0.738560 0.109675 0.237006
36500.000000 2.842872 1.129504 1.463660 1.247572 0.755323 0.738368 0.109386 0.236339
36600.000000 2.846098 1.132460 1.466820 1.250829 0.754782 0.738320 0.109084 0.235592
36700.000000 2.849195 1.135408 1.469052 1.254076 0.754241 0.738148 0.108788 0.234994
36800.000000 2.852924 1.138358 1.471962 1.257307 0.753700 0.738047 0.108429 0.234298
36900.000000 2.855806 1.141302 1.474494 1.260559 0.753160 0.737944 0.108125 0.233601
37000.000000 2.858565 1.144245 1.477180 1.263807 0.752620 0.737877 0.107882 0.232920
37100.000000 2.860526 1.147192 1.479330 1.267043 0.752083 0.737869 0.107649 0.232367
37200.000000 2.862720 1.150126 1.482247 1.270279 0.751544 0.737758 0.107363 0.231608
37300.000000 2.864522 1.153057 1.484690 1.273493 0.751006 0.737671 0.107056 0.231004
37400.000000 2.867083 1.155987 1.487623 1.276692 0.750467 0.737645 0.106756 0.230262
37500.000000 2.869030 1.158921 1.490248 1.279867 0.749931 0.737575 0.106499 0.229631
37600.000000 2.871371 1.161858 1.492948 1.283080 0.749395 0.737576 0.106222 0.228916
37700.000000 2.873140 1.164800 1.495259 1.286305 0.748859 0.737663 0.105994 0.228374
37800.000000 2.874491 1.167743 1.497740 1.289527 0.748324 0.737696 0.105787 0.227692
37900.000000 2.876575 1.170679 1.500619 1.292727 0.747789 0.737779 0.105529 0.227022
38000.000000 2.878831 1.173618 1.502974 1.295942 0.747253 0.737778 0.105250 0.226439
38100.000000 2.882217 1.176553 1.506121 1.299181 0.746717 0.737645 0.104843 0.225698
38200.000000 2.885011 1.179480 1.509222 1.302398 0.746183 0.737745 0.104597 0.225010
38300.000000 2.885578 1.182405 1.511010 1.305628 0.745650 0.737922 0.104450 0.224470
38400.000000 2.886894 1.185329 1.513564 1.308851 0.745118 0.737931 0.104207 0.223866
38500.000000 2.888704 1.188240 1.516311 1.312054 0.744584 0.737843 0.103994 0.223204
38600.000000 2.889886 1.191156 1.518848 1.315254 0.744052 0.737879 0.103801 0.222607
38700.000000 2.891223 1.194083 1.521000 1.318490 0.743518 0.737972 0.103625 0.222018
38800.000000 2.893036 1.196997 1.524202 1.321709 0.742985 0.738115 0.103485 0.221290
38900.000000 2.894501 1.199912 1.526447 1.324936 0.742452 0.738051 0.103301 0.220726
39000.000000 2.898140 1.202828 1.529492 1.328174 0.741919 0.737920 0.103027 0.220043
39100.000000 2.900677 1.205741 1.531793 1.331389 0.741386 0.737813 0.102713 0.219413
39200.000000 2.902885 1.208648 1.534392 1.334606 0.740854 0.737647 0.102507 0.218767
39300.000000 2.905070 1.211555 1.536858 1.337825 0.740321 0.737506 0.102330 0.218186
39400.000000 2.908369 1.214453 1.539503 1.341027 0.739789 0.737281 0.102015 0.217559
39500.000000 2.910524 1.217348 1.542010 1.344218 0.739256 0.737066 0.101771 0.216949
39600.000000 2.912767 1.220239 1.544848 1.347421 0.738725 0.737027 0.101502 0.216290
39700.000000 2.916142 1.223140 1.548054 1.350624 0.738194 0.736818 0.101159 0.215614
39800.000000 2.918570 1.226045 1.550437 1.353833 0.737663 0.736648 0.100861 0.215015
39900.000000 2.919832 1.228945 1.552996 1.357051 0.737133 0.736615 0.100670 0.214393
40000.000000 2.921273 1.231857 1.555358 1.360261 0.736602 0.736555 0.100455 0.213818
40100.000000 2.923159 1.234767 1.557889 1.363470 0.736071 0.736538 0.100172 0.213239
40200.000000 2.926257 1.237681 1.560573 1.366657 0.735540 0.736352 0.099872 0.212616
40300.000000 2.928986 1.240583 1.563641 1.369845 0.735011 0.736182 0.099638 0.211978
40400.000000 2.931112 1.243489 1.565993 1.373028 0.734483 0.736014 0.099382 0.211379
40500.000000 2.933874 1.246401 1.568985 1.376230 0.733955 0.735931 0.099135 0.210685
40600.000000 2.935265 1.249317 1.570879 1.379443 0.733426 0.735878 0.098981 0.210195
40700.000000 2.937831 1.252246 1.573965 1.382629 0.732898 0.735718 0.098729 0.209466
40800.000000 2.940158 1.255175 1.576434 1.385840 0.732370 0.735633 0.098555 0.208897
40900.000000 2.942057 1.258101 1.579150 1.389054 0.731843 0.735609 0.098337 0.208288
41000.000000 2.944787 1.261034 1.582329 1.392281 0.731316 0.735334 0.098086 0.207659
41100.000000 2.947851 1.263962 1.584529 1.395474 0.730791 0.735000 0.097833 0.207134
41200.000000 2.948756 1.266887 1.586159 1.398667 0.730265 0.734793 0.097648 0.206611
41300.000000 2.951360 1.269822 1.588913 1.401867 0.729740 0.734593 0.097411 0.205974
41400.000000 2.953541 1.272747 1.591763 1.405074 0.729215 0.734555 0.097218 0.205365
41500.000000 2.955387 1.275670 1.594128 1.408312 0.728690 0.734468 0.097057 0.204811
41600.000000 2.956993 1.278603 1.597192 1.411543 0.728167 0.734539 0.096804 0.204184
41700.000000 2.959214 1.281539 1.599977 1.414757 0.727645 0.734504 0.096530 0.203562
41800.000000 2.960872 1.284471 1.602486 1.417969 0.727125 0.734591 0.096380 0.203015
41900.000000 2.961649 1.287400 1.604555 1.421191 0.726606 0.734670 0.096240 0.202468
42000.000000 2.963791 1.290338 1.607413 1.424428 0.726087 0.734642 0.096038 0.201909
42100.000000 2.965492 1.293286 1.609838 1.427667 0.725568 0.734591 0.095796 0.201327
42200.000000 2.967966 1.296229 1.612766 1.430880 0.725050 0.734590 0.095538 0.200723
42300.000000 2.969534 1.299180 1.615593 1.434126 0.724531 0.734700 0.095313 0.200091
42400.000000 2.971470 1.302126 1.618084 1.437365 0.724012 0.734753 0.095080 0.199534
42500.000000 2.971926 1.305084 1.620323 1.440641 0.723493 0.734810 0.094955 0.198987
42600.000000 2.972938 1.308038 1.623038 1.443906 0.722974 0.735032 0.094770 0.198433
42700.000000 2.973473 1.310985 1.625536 1.447141 0.722456 0.735172 0.094613 0.197858
42800.000000 2.975402 1.313935 1.628431 1.450391 0.721941 0.735306 0.094396 0.197254
42900.000000 2.976757 1.316891 1.630941 1.453648 0.721427 0.735354 0.094218 0.196706
43000.000000 2.978592 1.319837 1.633643 1.456909 0.720911 0.735563 0.094014 0.196144
43100.000000 2.979676 1.322784 1.635908 1.460162 0.720398 0.735723 0.093847 0.195592
43200.000000 2.979291 1.325714 1.638448 1.463374 0.719884 0.735967 0.093774 0.195054
43300.000000 2.981447 1.328655 1.641266 1.466620 0.719370 0.736154 0.093539 0.194519
43400.000000 2.983806 1.331601 1.643448 1.469842 0.718855 0.736344 0.093319 0.193984
43500.000000 2.986027 1.334553 1.645907 1.473083 0.718342 0.736427 0.093030 0.193405
43600.000000 2.987931 1.337509 1.648578 1.476324 0.717830 0.736629 0.092808 0.192854
43700.000000 2.990117 1.340464 1.651407 1.479564 0.717319 0.736848 0.092563 0.192304
43800.000000 2.990680 1.343421 1.653669 1.482828 0.716810 0.737019 0.092373 0.191750
43900.000000 2.991838 1.346366 1.656172 1.486095 0.716300 0.737198 0.092243 0.191239
44000.000000 2.994049 1.349310 1.659639 1.489349 0.715791 0.737427 0.091989 0.190608
44100.000000 2.995477 1.352256 1.662011 1.492594 0.715282 0.737638 0.091789 0.190061
44200.000000 2.997198 1.355214 1.664693 1.495832 0.714773 0.737803 0.091525 0.189501
44300.000000 2.997670 1.358172 1.666810 1.499091 0.714265 0.738045 0.091390 0.189022
44400.000000 2.998847 1.361139 1.669334 1.502360 0.713757 0.738318 0.091176 0.188452
44500.000000 3.001113 1.364107 1.672068 1.505633 0.713250 0.738429 0.090887 0.187920
44600.000000 3.001969 1.367065 1.675004 1.508906 0.712743 0.738604 0.090685 0.187363
44700.000000 3.003482 1.370016 1.677608 1.512164 0.712237 0.738768 0.090460 0.186816
44800.000000 3.005073 1.372957 1.680380 1.515413 0.711730 0.738979 0.090250 0.186256
44900.000000 3.008022 1.375913 1.682950 1.518689 0.711224 0.739041 0.089988 0.185735
45000.000000 3.010776 1.378881 1.685664 1.521968 0.710718 0.739212 0.089734 0.185210
45100.000000 3.011650 1.381840 1.688066 1.525234 0.710213 0.739488 0.089638 0.184727
45200.000000 3.012912 1.384811 1.690334 1.528508 0.709706 0.739561 0.089440 0.184228
45300.000000 3.014218 1.387782 1.692324 1.531773 0.709201 0.739724 0.089263 0.183781
45400.000000 3.015522 1.390754 1.695404 1.535047 0.708695 0.739918 0.089082 0.183220
45500.000000 3.016511 1.393728 1.698042 1.538312 0.708189 0.740189 0.088932 0.182672
45600.000000 3.018232 1.396703 1.700760 1.541594 0.707684 0.740231 0.088707 0.182099
45700.000000 3.019488 1.399678 1.703082 1.544875 0.707181 0.740368 0.088495 0.181576
45800.000000 3.022138 1.402645 1.705856 1.548155 0.706678 0.740400 0.088242 0.181067
45900.000000 3.023602 1.405605 1.708381 1.551398 0.706172 0.740520 0.087995 0.180558
46000.000000 3.025097 1.408558 1.710926 1.554658 0.705668 0.740795 0.087772 0.180049
46100.000000 3.026609 1.411517 1.713332 1.557924 0.705164 0.740941 0.087520 0.179485
46200.000000 3.027261 1.414480 1.715975 1.561181 0.704660 0.741018 0.087373 0.179000
46300.000000 3.028725 1.417442 1.718983 1.564472 0.704157 0.741205 0.087169 0.178472
46400.000000 3.028751 1.420396 1.721319 1.567722 0.703654 0.741485 0.087026 0.177937
46500.000000 3.029051 1.423361 1.723929 1.571011 0.703152 0.741696 0.086887 0.177429
46600.000000 3.029705 1.426330 1.726617 1.574276 0.702650 0.741841 0.086810 0.176937
46700.000000 3.030284 1.429298 1.729342 1.577519 0.702148 0.742103 0.086656 0.176382
46800.000000 3.030908 1.432270 1.731871 1.580820 0.701647 0.742289 0.086521 0.175904
46900.000000 3.030892 1.435241 1.734679 1.584109 0.701147 0.742588 0.086424 0.175356
47000.000000 3.032105 1.438197 1.737268 1.587361 0.700648 0.742703 0.086274 0.174909
47100.000000 3.032472 1.441156 1.739237 1.590648 0.700149 0.742912 0.086205 0.174482
47200.000000 3.031847 1.444112 1.741492 1.593916 0.699650 0.743158 0.086117 0.174039
47300.000000 3.033391 1.447075 1.744113 1.597185 0.699153 0.743241 0.085936 0.173512
47400.000000 3.033437 1.450034 1.746333 1.600417 0.698654 0.743544 0.085839 0.173061
47500.000000 3.034758 1.452989 1.749751 1.603671 0.698157 0.743758 0.085617 0.172483
47600.000000 3.035486 1.455947 1.751715 1.606936 0.697659 0.744004 0.085475 0.172046
47700.000000 3.036892 1.458918 1.754631 1.610218 0.697162 0.744283 0.085250 0.171540
47800.000000 3.038005 1.461889 1.757540 1.613494 0.696663 0.744498 0.085043 0.171002
47900.000000 3.038654 1.464862 1.759710 1.616794 0.696167 0.744738 0.084898 0.170506
48000.000000 3.038640 1.467825 1.762002 1.620079 0.695669 0.744898 0.084781 0.170050
48100.000000 3.040116 1.470790 1.764708 1.623350 0.695171 0.745075 0.084636 0.169606
48200.000000 3.041443 1.473762 1.767413 1.626631 0.694674 0.745367 0.084485 0.169061
48300.000000 3.042236 1.476734 1.770025 1.629930 0.694176 0.745544 0.084312 0.168573
48400.000000 3.042601 1.479707 1.772782 1.633213 0.693677 0.745823 0.084186 0.168072
48500.000000 3.044514 1.482677 1.775830 1.636524 0.693179 0.745966 0.083993 0.167568
48600.000000 3.044689 1.485642 1.777928 1.639812 0.692682 0.746199 0.083905 0.167148
48700.000000 3.045117 1.488608 1.780263 1.643123 0.692184 0.746423 0.083809 0.166652
48800.000000 3.045977 1.491573 1.782826 1.646389 0.691688 0.746631 0.083599 0.166152
48900.000000 3.045948 1.494529 1.784987 1.649673 0.691193 0.746763 0.083489 0.165698
49000.000000 3.047107 1.497482 1.787819 1.652935 0.690699 0.746972 0.083341 0.165209
49100.000000 3.048529 1.500438 1.790750 1.656183 0.690207 0.747100 0.083111 0.164699
49200.000000 3.049695 1.503395 1.793084 1.659458 0.689714 0.747096 0.082976 0.164256
49300.000000 3.049735 1.506352 1.795076 1.662724 0.689222 0.747141 0.082861 0.163838
49400.000000 3.050052 1.509304 1.797327 1.665988 0.688730 0.747204 0.082691 0.163426
49500.000000 3.051181 1.512241 1.800243 1.669231 0.688237 0.747255 0.082548 0.162891
49600.000000 3.052194 1.515178 1.802435 1.672487 0.687746 0.747414 0.082355 0.162477
49700.000000 3.053574 1.518108 1.805035 1.675752 0.687254 0.747557 0.082212 0.162025
49800.000000 3.054774 1.521048 1.807519 1.678996 0.686763 0.747660 0.082013 0.161540
49900.000000 3.056139 1.523978 1.810046 1.682228 0.686271 0.747769 0.081864 0.161084
50000.000000 3.058362 1.526918 1.812487 1.685470 0.685780 0.747930 0.081648 0.160667
