#-t-bbondv
100.000000 5.468000
200.000000 6.346667
300.000000 6.789333
400.000000 7.097333
500.000000 7.329333
600.000000 7.546000
700.000000 7.682000
800.000000 7.799333
900.000000 7.935333
1000.000000 8.055333
1100.000000 8.155333
1200.000000 8.244667
1300.000000 8.339333
1400.000000 8.419333
1500.000000 8.493333
1600.000000 8.572667
1700.000000 8.623333
1800.000000 8.689333
1900.000000 8.735333
2000.000000 8.790000
2100.000000 8.846000
2200.000000 8.899333
2300.000000 8.971333
2400.000000 9.019333
2500.000000 9.079333
2600.000000 9.126667
2700.000000 9.182000
2800.000000 9.248000
2900.000000 9.328667
3000.000000 9.380667
3100.000000 9.435333
3200.000000 9.495333
3300.000000 9.522000
3400.000000 9.563333
3500.000000 9.618000
3600.000000 9.654000
3700.000000 9.711333
3800.000000 9.746000
3900.000000 9.806000
4000.000000 9.840667
4100.000000 9.870000
4200.000000 9.922000
4300.000000 9.975333
4400.000000 10.026000
4500.000000 10.071333
4600.000000 10.116667
4700.000000 10.140667
4800.000000 10.168667
4900.000000 10.202000
5000.000000 10.231333
5100.000000 10.263333
5200.000000 10.275333
5300.000000 10.307333
5400.000000 10.323333
5500.000000 10.339333
5600.000000 10.354000
5700.000000 10.371333
5800.000000 10.391333
5900.000000 10.414000
6000.000000 10.416667
6100.000000 10.438000
6200.000000 10.467333
6300.000000 10.486000
6400.000000 10.524000
6500.000000 10.563333
6600.000000 10.604667
6700.000000 10.648667
6800.000000 10.680667
6900.000000 10.700667
7000.000000 10.719333
7100.000000 10.751333
7200.000000 10.763333
7300.000000 10.784667
7400.000000 10.814000
7500.000000 10.826000
7600.000000 10.846000
7700.000000 10.874000
7800.000000 10.898000
7900.000000 10.915333
8000.000000 10.939333
8100.000000 10.948667
8200.000000 10.974000
8300.000000 10.995333
8400.000000 11.022000
8500.000000 11.031333
8600.000000 11.054000
8700.000000 11.068667
8800.000000 11.080667
8900.000000 11.091333
9000.000000 11.110000
9100.000000 11.132667
9200.000000 11.148667
9300.000000 11.166000
9400.000000 11.191333
9500.000000 11.210000
9600.000000 11.224667
9700.000000 11.247333
9800.000000 11.267333
9900.000000 11.288667
10000.000000 11.298000
10100.000000 11.308667
10200.000000 11.327333
10300.000000 11.344667
10400.000000 11.360667
10500.000000 11.376667
10600.000000 11.407333
10700.000000 11.424667
10800.000000 11.442000
10900.000000 11.470000
11000.000000 11.494000
11100.000000 11.522000
11200.000000 11.546000
11300.000000 11.575333
11400.000000 11.596667
11500.000000 11.626000
11600.000000 11.642000
11700.000000 11.670000
11800.000000 11.688667
11900.000000 11.707333
12000.000000 11.728667
12100.000000 11.744667
12200.000000 11.759333
12300.000000 11.776000
12400.000000 11.787333
12500.000000 11.807333
12600.000000 11.814000
12700.000000 11.827333
12800.000000 11.842000
12900.000000 11.854000
13000.000000 11.864667
13100.000000 11.860667
13200.000000 11.864667
13300.000000 11.880667
13400.000000 11.888667
13500.000000 11.904667
13600.000000 11.911333
13700.000000 11.918000
13800.000000 11.936667
13900.000000 11.939333
14000.000000 11.963333
14100.000000 11.970000
14200.000000 11.970000
14300.000000 11.978000
14400.000000 11.983333
14500.000000 12.000667
14600.000000 12.020667
14700.000000 12.027333
14800.000000 12.027333
14900.000000 12.027333
15000.000000 12.034000
15100.000000 12.031333
15200.000000 12.040667
15300.000000 12.047333
15400.000000 12.055333
15500.000000 12.063333
15600.000000 12.073333
15700.000000 12.074000
15800.000000 12.079333
15900.000000 12.083333
16000.000000 12.102667
16100.000000 12.103333
16200.000000 12.098000
16300.000000 12.112667
16400.000000 12.116667
16500.000000 12.123333
16600.000000 12.111333
16700.000000 12.119333
16800.000000 12.118000
16900.000000 12.115333
17000.000000 12.112667
17100.000000 12.107333
17200.000000 12.108667
17300.000000 12.107333
17400.000000 12.099333
17500.000000 12.107333
17600.000000 12.101333
17700.000000 12.108667
17800.000000 12.108000
17900.000000 12.116667
18000.000000 12.121333
18100.000000 12.108000
18200.000000 12.118667
18300.000000 12.116000
18400.000000 12.124000
18500.000000 12.124000
18600.000000 12.124000
18700.000000 12.122667
18800.000000 12.121333
18900.000000 12.114667
19000.000000 12.113333
19100.000000 12.117333
19200.000000 12.114667
19300.000000 12.120000
19400.000000 12.126667
19500.000000 12.124000
19600.000000 12.134667
19700.000000 12.138667
19800.000000 12.148000
19900.000000 12.152000
20000.000000 12.145333
20100.000000 12.142000
20200.000000 12.146667
20300.000000 12.148000
20400.000000 12.148000
20500.000000 12.142667
20600.000000 12.136667
20700.000000 12.138667
20800.000000 12.140000
20900.000000 12.142667
21000.000000 12.150667
21100.000000 12.153333
21200.000000 12.142667
21300.000000 12.141333
21400.000000 12.146667
21500.000000 12.156000
21600.000000 12.158667
21700.000000 12.146667
21800.000000 12.150667
21900.000000 12.161333
22000.000000 12.158667
22100.000000 12.158000
22200.000000 12.170000
22300.000000 12.174667
22400.000000 12.173333
22500.000000 12.177333
22600.000000 12.176000
22700.000000 12.178667
22800.000000 12.189333
22900.000000 12.200000
23000.000000 12.196000
23100.000000 12.202667
23200.000000 12.212000
23300.000000 12.220000
23400.000000 12.221333
23500.000000 12.230000
23600.000000 12.232667
23700.000000 12.236667
23800.000000 12.243333
23900.000000 12.250000
24000.000000 12.258000
24100.000000 12.260667
24200.000000 12.267333
24300.000000 12.272667
24400.000000 12.279333
24500.000000 12.291333
24600.000000 12.299333
24700.000000 12.300667
24800.000000 12.310000
24900.000000 12.309333
25000.000000 12.318000
25100.000000 12.320000
25200.000000 12.336000
25300.000000 12.348000
25400.000000 12.360000
25500.000000 12.363333
25600.000000 12.366667
25700.000000 12.370667
25800.000000 12.378667
25900.000000 12.378667
26000.000000 12.389333
26100.000000 12.397333
26200.000000 12.410667
26300.000000 12.422667
26400.000000 12.428000
26500.000000 12.433333
26600.000000 12.437333
26700.000000 12.437333
26800.000000 12.444000
26900.000000 12.453333
27000.000000 12.461333
27100.000000 12.457333
27200.000000 12.468000
27300.000000 12.484000
27400.000000 12.492000
27500.000000 12.505333
27600.000000 12.506667
27700.000000 12.518667
27800.000000 12.533333
27900.000000 12.536000
28000.000000 12.547333
28100.000000 12.554667
28200.000000 12.561333
28300.000000 12.568000
28400.000000 12.582667
28500.000000 12.593333
28600.000000 12.601333
28700.000000 12.608000
28800.000000 12.616000
28900.000000 12.620000
29000.000000 12.626667
29100.000000 12.644000
29200.000000 12.646667
29300.000000 12.648000
29400.000000 12.654667
29500.000000 12.657333
29600.000000 12.650667
29700.000000 12.666667
29800.000000 12.672000
29900.000000 12.678667
30000.000000 12.681333
30100.000000 12.682667
30200.000000 12.676000
30300.000000 12.676000
30400.000000 12.681333
30500.000000 12.682667
30600.000000 12.700000
30700.000000 12.706667
30800.000000 12.712000
30900.000000 12.716000
31000.000000 12.717333
31100.000000 12.716000
31200.000000 12.710667
31300.000000 12.708000
31400.000000 12.712000
31500.000000 12.717333
31600.000000 12.716000
31700.000000 12.717333
31800.000000 12.726667
31900.000000 12.720000
32000.000000 12.720000
32100.000000 12.716000
32200.000000 12.716000
32300.000000 12.716000
32400.000000 12.712667
32500.000000 12.710000
32600.000000 12.714667
32700.000000 12.705333
32800.000000 12.706667
32900.000000 12.704000
33000.000000 12.704000
33100.000000 12.698667
33200.000000 12.696667
33300.000000 12.700000
33400.000000 12.703333
33500.000000 12.698667
33600.000000 12.697333
33700.000000 12.704000
33800.000000 12.696000
33900.000000 12.702667
34000.000000 12.708000
34100.000000 12.704000
34200.000000 12.705333
34300.000000 12.705333
34400.000000 12.702667
34500.000000 12.705333
34600.000000 12.705333
34700.000000 12.710667
34800.000000 12.712000
34900.000000 12.717333
35000.000000 12.717333
35100.000000 12.721333
35200.000000 12.716000
35300.000000 12.712000
35400.000000 12.722667
35500.000000 12.728000
35600.000000 12.726667
35700.000000 12.725333
35800.000000 12.729333
35900.000000 12.732000
36000.000000 12.725333
36100.000000 12.724000
36200.000000 12.716000
36300.000000 12.724000
36400.000000 12.720000
36500.000000 12.710667
36600.000000 12.709333
36700.000000 12.700000
36800.000000 12.702667
36900.000000 12.700000
37000.000000 12.696000
37100.000000 12.701333
37200.000000 12.705333
37300.000000 12.702667
37400.000000 12.694000
37500.000000 12.683333
37600.000000 12.674667
37700.000000 12.668000
37800.000000 12.669333
37900.000000 12.668000
38000.000000 12.660000
38100.000000 12.657333
38200.000000 12.653333
38300.000000 12.661333
38400.000000 12.648000
38500.000000 12.654667
38600.000000 12.638667
38700.000000 12.640000
38800.000000 12.636000
38900.000000 12.636000
39000.000000 12.630667
39100.000000 12.629333
39200.000000 12.625333
39300.000000 12.613333
39400.000000 12.608000
39500.000000 12.601333
39600.000000 12.593333
39700.000000 12.584000
39800.000000 12.577333
39900.000000 12.576000
40000.000000 12.568000
40100.000000 12.560000
40200.000000 12.548000
40300.000000 12.541333
40400.000000 12.538667
40500.000000 12.530667
40600.000000 12.521333
40700.000000 12.508000
40800.000000 12.501333
40900.000000 12.490667
41000.000000 12.482667
41100.000000 12.470667
41200.000000 12.466667
41300.000000 12.453333
41400.000000 12.441333
41500.000000 12.429333
41600.000000 12.418667
41700.000000 12.412000
41800.000000 12.399333
41900.000000 12.390000
42000.000000 12.386000
42100.000000 12.378000
42200.000000 12.359333
42300.000000 12.363333
42400.000000 12.354000
42500.000000 12.356667
42600.000000 12.350000
42700.000000 12.342000
42800.000000 12.322000
42900.000000 12.307333
43000.000000 12.307333
43100.000000 12.299333
43200.000000 12.283333
43300.000000 12.276667
43400.000000 12.266000
43500.000000 12.260667
43600.000000 12.252667
43700.000000 12.244667
43800.000000 12.240667
43900.000000 12.235333
44000.000000 12.226000
44100.000000 12.210000
44200.000000 12.204000
44300.000000 12.200000
44400.000000 12.188000
44500.000000 12.174667
44600.000000 12.172000
44700.000000 12.169333
44800.000000 12.164000
44900.000000 12.152000
45000.000000 12.149333
45100.000000 12.144000
45200.000000 12.131333
45300.000000 12.116000
45400.000000 12.108000
45500.000000 12.098000
45600.000000 12.090667
45700.000000 12.088000
45800.000000 12.090667
45900.000000 12.085333
46000.000000 12.077333
46100.000000 12.069333
46200.000000 12.064000
46300.000000 12.052000
46400.000000 12.044000
46500.000000 12.034667
46600.000000 12.028000
46700.000000 12.014667
46800.000000 12.014667
46900.000000 12.009333
47000.000000 12.001333
47100.000000 11.996000
47200.000000 11.985333
47300.000000 11.974000
47400.000000 11.976000
47500.000000 11.972000
47600.000000 11.968000
47700.000000 11.960000
47800.000000 11.948667
47900.000000 11.946667
48000.000000 11.941333
48100.000000 11.929333
48200.000000 11.928000
48300.000000 11.914667
48400.000000 11.910667
48500.000000 11.910667
48600.000000 11.906667
48700.000000 11.898667
48800.000000 11.897333
48900.000000 11.896000
49000.000000 11.892000
49100.000000 11.884000
49200.000000 11.882667
49300.000000 11.878667
49400.000000 11.874667
49500.000000 11.869333
49600.000000 11.865333
49700.000000 11.854667
49800.000000 11.849333
49900.000000 11.845333
50000.000000 11.845333
