#-t-Fk-Fk2-stdev-sterr
0.000000 1.0000000000 -nan -nan
0.010000 1.0000070441 0.0001398934 0.0000224009
0.020000 0.9999810836 0.0002774299 0.0000444243
0.030000 0.9999229264 0.0004131123 0.0000661509
0.040000 0.9998350349 0.0005470128 0.0000875922
0.050000 0.9997209381 0.0006786869 0.0001086769
0.060000 0.9995845960 0.0008071068 0.0001292405
0.070000 0.9994298996 0.0009307485 0.0001490390
0.080000 0.9992603568 0.0010480710 0.0001678257
0.090000 0.9990791001 0.0011580701 0.0001854396
0.100000 0.9988892810 0.0012604110 0.0002018273
0.110000 0.9986944073 0.0013551045 0.0002169904
0.120000 0.9984981241 0.0014421324 0.0002309260
0.130000 0.9983036166 0.0015213587 0.0002436124
0.140000 0.9981132924 0.0015928547 0.0002550609
0.150000 0.9979289307 0.0016572953 0.0002653796
0.160000 0.9977520012 0.0017159642 0.0002747742
0.170000 0.9975838470 0.0017704357 0.0002834966
0.180000 0.9974257842 0.0018222497 0.0002917935
0.190000 0.9972791192 0.0018726955 0.0002998713
0.200000 0.9971448228 0.0019226745 0.0003078743
0.210000 0.9970229664 0.0019727118 0.0003158867
0.220000 0.9969122633 0.0020231586 0.0003239647
0.230000 0.9968101904 0.0020743501 0.0003321619
0.240000 0.9967138006 0.0021266970 0.0003405441
0.250000 0.9966207603 0.0021806756 0.0003491876
0.260000 0.9965299966 0.0022367302 0.0003581635
0.270000 0.9964418666 0.0022951714 0.0003675216
0.280000 0.9963578473 0.0023558292 0.0003772346
0.290000 0.9962797851 0.0024175612 0.0003871196
0.300000 0.9962089427 0.0024781912 0.0003968282
0.400000 0.9959043908 0.0028445250 0.0004554885
0.500000 0.9955454357 0.0028181627 0.0004512672
0.600000 0.9950780828 0.0033626907 0.0005384614
0.700000 0.9947693203 0.0038414182 0.0006151192
0.800000 0.9943624296 0.0035778219 0.0005729100
0.900000 0.9946424216 0.0031386749 0.0005025902
1.000000 0.9947468345 0.0031263942 0.0005006237
1.100000 0.9946030807 0.0032684793 0.0005233756
1.200000 0.9940627558 0.0035381574 0.0005665586
1.300000 0.9937731354 0.0033487275 0.0005362256
1.400000 0.9937212513 0.0032751377 0.0005244418
1.500000 0.9932622728 0.0039561467 0.0006334905
1.600000 0.9930108451 0.0041794935 0.0006692546
1.700000 0.9928337216 0.0040170501 0.0006432428
1.800000 0.9924932304 0.0040342355 0.0006459947
1.900000 0.9922441427 0.0042600295 0.0006821507
2.000000 0.9922304661 0.0043442805 0.0006956416
2.100000 0.9921025471 0.0040670127 0.0006512432
2.200000 0.9915362636 0.0037193755 0.0005955767
2.300000 0.9912160442 0.0039912451 0.0006391107
2.400000 0.9915144676 0.0044768628 0.0007168718
2.500000 0.9916598057 0.0047895638 0.0007669440
2.600000 0.9915680654 0.0048779590 0.0007810986
2.700000 0.9913886046 0.0052078630 0.0008339255
2.800000 0.9909587554 0.0051383710 0.0008227979
2.900000 0.9908492862 0.0050039705 0.0008012766
3.000000 0.9907880522 0.0048941985 0.0007836990
4.000000 0.9899933736 0.0057139917 0.0009149709
5.000000 0.9883964968 0.0061138480 0.0009789992
6.000000 0.9870571755 0.0075057980 0.0012018896
7.000000 0.9866184410 0.0074623767 0.0011949366
8.000000 0.9851351445 0.0083124868 0.0013310632
9.000000 0.9851768654 0.0077363471 0.0012388070
10.000000 0.9842917080 0.0073682915 0.0011798709
11.000000 0.9821379300 0.0080392041 0.0012873029
12.000000 0.9809918984 0.0089901817 0.0014395812
13.000000 0.9802629275 0.0086597872 0.0013866757
14.000000 0.9804218239 0.0095525937 0.0015296392
15.000000 0.9799178968 0.0089445454 0.0014322735
16.000000 0.9798912692 0.0087964782 0.0014085638
17.000000 0.9794043471 0.0105641006 0.0016916099
18.000000 0.9789600285 0.0100110826 0.0016030562
19.000000 0.9786011536 0.0099567996 0.0015943639
20.000000 0.9781460088 0.0106836929 0.0017107600
21.000000 0.9786404881 0.0108258231 0.0017335191
22.000000 0.9773650250 0.0117830855 0.0018868037
23.000000 0.9777627049 0.0113903252 0.0018239117
24.000000 0.9772771178 0.0110198267 0.0017645845
25.000000 0.9765499315 0.0105344808 0.0016868670
26.000000 0.9764171089 0.0119099956 0.0019071256
27.000000 0.9750267095 0.0110200653 0.0017646227
28.000000 0.9749145671 0.0119387712 0.0019117334
29.000000 0.9742077724 0.0111595130 0.0017869522
30.000000 0.9736419289 0.0115437910 0.0018484859
40.000000 0.9701526257 0.0128352701 0.0020552881
50.000000 0.9702710174 0.0146391756 0.0023441442
60.000000 0.9664609405 0.0161044031 0.0025787683
70.000000 0.9652479289 0.0162423515 0.0026008578
80.000000 0.9602250143 0.0177957395 0.0028495989
90.000000 0.9592122782 0.0179256683 0.0028704042
100.000000 0.9607540441 0.0152732235 0.0024456731
110.000000 0.9585958776 0.0166853928 0.0026718011
120.000000 0.9577884005 0.0175865729 0.0028161055
130.000000 0.9519006026 0.0194340792 0.0031119432
140.000000 0.9506466470 0.0182407530 0.0029208581
150.000000 0.9509560025 0.0174620383 0.0027961640
160.000000 0.9496722866 0.0171767185 0.0027504762
170.000000 0.9512009955 0.0189204034 0.0030296893
180.000000 0.9505180004 0.0179973673 0.0028818852
190.000000 0.9471794077 0.0187428066 0.0030012510
200.000000 0.9449244113 0.0178525879 0.0028587019
210.000000 0.9424119494 0.0177842669 0.0028477618
220.000000 0.9427980606 0.0184503426 0.0029544193
230.000000 0.9413262067 0.0193519453 0.0030987913
240.000000 0.9422499164 0.0203930433 0.0032655004
250.000000 0.9417083529 0.0198607398 0.0031802636
260.000000 0.9394638845 0.0215678368 0.0034536179
270.000000 0.9370259032 0.0206185485 0.0033016101
280.000000 0.9356933934 0.0219280444 0.0035112973
290.000000 0.9335149945 0.0226684335 0.0036298544
300.000000 0.9342841456 0.0225090130 0.0036043267
400.000000 0.9254298410 0.0243485106 0.0038988820
500.000000 0.9174242079 0.0260266887 0.0041676056
600.000000 0.9072272867 0.0255936216 0.0040982594
700.000000 0.9033884701 0.0258787524 0.0041439168
800.000000 0.8982424902 0.0243821389 0.0039042669
900.000000 0.8931435044 0.0263272989 0.0042157418
1000.000000 0.8909596963 0.0315645931 0.0050543800
1100.000000 0.8883714903 0.0236294101 0.0037837338
1200.000000 0.8924062168 0.0241374138 0.0038650795
1300.000000 0.8924429250 0.0269014196 0.0043076747
1400.000000 0.8844846196 0.0273932763 0.0043864348
1500.000000 0.8883906780 0.0293496556 0.0046997062
1600.000000 0.8853298555 0.0335282449 0.0053688160
1700.000000 0.8804304916 0.0256484935 0.0041070459
1800.000000 0.8784633266 0.0263930716 0.0042262738
1900.000000 0.8732868526 0.0286658416 0.0045902083
2000.000000 0.8665743815 0.0332019033 0.0053165595
2100.000000 0.8642925576 0.0392578288 0.0062862836
2200.000000 0.8640258288 0.0380954759 0.0061001582
2300.000000 0.8580719010 0.0387612700 0.0062067706
2400.000000 0.8627688927 0.0404702142 0.0064804207
2500.000000 0.8561262482 0.0413894598 0.0066276178
2600.000000 0.8532016027 0.0341954399 0.0054756527
2700.000000 0.8494578657 0.0321081240 0.0051414146
2800.000000 0.8478000472 0.0338856417 0.0054260452
2900.000000 0.8494490751 0.0380529135 0.0060933428
3000.000000 0.8456915075 0.0339034338 0.0054288943
4000.000000 0.8220755167 0.0417351111 0.0066829663
5000.000000 0.8141365264 0.0536698632 0.0085940561
6000.000000 0.8042971391 0.0665705062 0.0106598123
7000.000000 0.7931065864 0.0604327059 0.0096769776
8000.000000 0.7732174829 0.0763841683 0.0122312558
9000.000000 0.7578776206 0.0820040425 0.0131311559
10000.000000 0.7540605610 0.0714157685 0.0114356752
11000.000000 0.7398802686 0.0938781185 0.0150325298
12000.000000 0.7168257012 0.1182335934 0.0189325270
13000.000000 0.7166867969 0.1224311244 0.0196046699
14000.000000 0.7060316578 0.1377757645 0.0220617788
15000.000000 0.6958984413 0.1405941499 0.0225130817
16000.000000 0.6931724785 0.1331673906 0.0213238484
17000.000000 0.6817721332 0.1244592543 0.0199294306
18000.000000 0.6689969002 0.1266185503 0.0202751947
19000.000000 0.6626896783 0.1462893482 0.0234250433
20000.000000 0.6598240032 0.1335937753 0.0213921246
21000.000000 0.6599830588 0.1319450507 0.0211281174
22000.000000 0.6567282277 0.1372817981 0.0219826809
23000.000000 0.6432309504 0.1302854760 0.0208623727
24000.000000 0.6433467920 0.1625573306 0.0260300052
25000.000000 0.6525745537 0.1454707107 0.0232939563
26000.000000 0.6522633568 0.1494280953 0.0239276450
27000.000000 0.6480360376 0.1619182796 0.0259276752
28000.000000 0.6425345835 0.1711725048 0.0274095372
29000.000000 0.6417312972 0.1661985215 0.0266130624
30000.000000 0.6461746486 0.1659937207 0.0265802680
31000.000000 0.6407388717 0.1777779368 0.0284672528
32000.000000 0.6314380826 0.1597848825 0.0255860582
33000.000000 0.6195636388 0.1742545185 0.0279030543
34000.000000 0.6079853273 0.1762472068 0.0282221398
35000.000000 0.6046319684 0.1897217519 0.0303797939
36000.000000 0.5929678975 0.1925157511 0.0308271918
37000.000000 0.5750935729 0.1864492521 0.0298557745
38000.000000 0.5593778865 0.1961665939 0.0314117945
39000.000000 0.5556883613 0.2063536404 0.0330430275
40000.000000 0.5474093996 0.2056306603 0.0329272580
41000.000000 0.5338520335 0.2103995715 0.0336908949
42000.000000 0.5406966935 0.2085438240 0.0333937375
43000.000000 0.5482566855 0.2296982358 0.0367811544
44000.000000 0.5367671176 0.2401290043 0.0384514141
45000.000000 0.5165104465 0.2417993538 0.0387188841
46000.000000 0.5186826071 0.2378396794 0.0380848288
47000.000000 0.5170286911 0.2449841795 0.0392288644
48000.000000 0.5022404229 0.2464697314 0.0394667431
49000.000000 0.5137659531 0.2307528215 0.0369500233
50000.000000 0.4909895611 0.2331561730 0.0373348675
51000.000000 0.4974101240 0.2324684165 0.0372247384
52000.000000 0.4963015150 0.2210210655 0.0353916952
53000.000000 0.5058218803 0.2304333418 0.0368988656
54000.000000 0.4925029189 0.2200020881 0.0352285282
55000.000000 0.4829544141 0.2341542597 0.0374946893
56000.000000 0.4755258152 0.2261024848 0.0362053735
57000.000000 0.4718084002 0.2384504199 0.0381826255
58000.000000 0.4812025643 0.2192577027 0.0351093311
59000.000000 0.5018617247 0.2356541523 0.0377348643
60000.000000 0.4981051121 0.2183507716 0.0349641059
61000.000000 0.4883298274 0.2323563481 0.0372067930
62000.000000 0.4937512181 0.2422671049 0.0387937842
63000.000000 0.5039108863 0.2430657676 0.0389216726
64000.000000 0.4889824626 0.2277492536 0.0364690675
65000.000000 0.4805796915 0.2228916789 0.0356912330
66000.000000 0.4821725780 0.2318701085 0.0371289324
67000.000000 0.4872607305 0.2261621814 0.0362149326
68000.000000 0.4700307446 0.2333478345 0.0373655579
69000.000000 0.4827856787 0.2401369051 0.0384526793
70000.000000 0.4809859837 0.2479780978 0.0397082750
71000.000000 0.4708814986 0.2534435293 0.0405834444
72000.000000 0.4706738964 0.2557986560 0.0409605665
73000.000000 0.4495705269 0.2510988118 0.0402079892
74000.000000 0.4281014684 0.2530211544 0.0405158103
75000.000000 0.4126556454 0.2676980796 0.0428659993
76000.000000 0.3984934945 0.2608214157 0.0417648518
77000.000000 0.3811376319 0.2589397185 0.0414635391
78000.000000 0.3915816955 0.2606157045 0.0417319116
79000.000000 0.3812964472 0.2628745582 0.0420936177
80000.000000 0.3869014721 0.2692003308 0.0431065520
81000.000000 0.3796016522 0.2737283294 0.0438316120
82000.000000 0.3874418856 0.2798621870 0.0448138153
83000.000000 0.3866990308 0.2850496545 0.0456444749
84000.000000 0.3773838020 0.2926307445 0.0468584209
85000.000000 0.3724976734 0.2955315549 0.0473229223
86000.000000 0.3671154072 0.3036975473 0.0486305276
87000.000000 0.3646700780 0.3184707717 0.0509961367
88000.000000 0.3591960680 0.3244443019 0.0519526671
89000.000000 0.3635500272 0.3351104045 0.0536606104
90000.000000 0.3644477317 0.3243477835 0.0519372118
91000.000000 0.3551420805 0.3050984033 0.0488548441
92000.000000 0.3517544232 0.3141287917 0.0503008635
93000.000000 0.3603843278 0.3076152296 0.0492578588
94000.000000 0.3571601024 0.3093324576 0.0495328353
95000.000000 0.3415729161 0.3146849567 0.0503899211
96000.000000 0.3282608296 0.3026636393 0.0484649698
97000.000000 0.3421236095 0.3027042641 0.0484714750
98000.000000 0.3511774122 0.3096055542 0.0495765658
99000.000000 0.3384918485 0.3233277459 0.0517738750
100000.000000 0.3338118972 0.3200898640 0.0512553990
101000.000000 0.3440777835 0.3180781347 0.0509332645
102000.000000 0.3542831037 0.3100875369 0.0496537448
103000.000000 0.3330911434 0.3225089470 0.0516427623
104000.000000 0.3175271568 0.3467090805 0.0555178850
105000.000000 0.3129266865 0.3379120488 0.0541092325
106000.000000 0.3074051995 0.3393782151 0.0543440070
107000.000000 0.3048490331 0.3397277863 0.0543999832
108000.000000 0.3119089405 0.3321697663 0.0531897314
109000.000000 0.3076547640 0.3254419315 0.0521124157
110000.000000 0.3223048635 0.3298622793 0.0528202378
111000.000000 0.3225184555 0.3458012885 0.0553725219
112000.000000 0.3167797654 0.3387307008 0.0542403218
113000.000000 0.3069059722 0.3512030477 0.0562374956
114000.000000 0.3058869537 0.3420911723 0.0547784279
115000.000000 0.3027658515 0.3329632736 0.0533167943
116000.000000 0.3110824576 0.3419822524 0.0547609867
117000.000000 0.3112717287 0.3559971032 0.0570051589
118000.000000 0.2895890134 0.3767851136 0.0603339046
119000.000000 0.3111601546 0.3681696147 0.0589543207
120000.000000 0.2986166834 0.3670655807 0.0587775338
121000.000000 0.2982533720 0.3632730465 0.0581702423
122000.000000 0.2906931568 0.3712894846 0.0594538997
123000.000000 0.2824920594 0.3735971744 0.0598234258
124000.000000 0.2787613336 0.3772134640 0.0604024956
125000.000000 0.2802876414 0.3729729518 0.0597234702
126000.000000 0.2867509976 0.3642806679 0.0583315908
127000.000000 0.2642289085 0.3575248735 0.0572497979
128000.000000 0.2663289643 0.3691693617 0.0591144083
129000.000000 0.2663973714 0.3846875616 0.0615993090
130000.000000 0.2494793660 0.3696153118 0.0591858175
131000.000000 0.2542414387 0.3781787848 0.0605570706
132000.000000 0.2555231407 0.3769543347 0.0603610017
133000.000000 0.2644282881 0.3774922880 0.0604471432
134000.000000 0.2684970100 0.3737369281 0.0598458043
135000.000000 0.2580368875 0.3708553151 0.0593843769
136000.000000 0.2611205959 0.3783080924 0.0605777764
137000.000000 0.2585139265 0.3758211699 0.0601795501
138000.000000 0.2632747277 0.3781989698 0.0605603028
139000.000000 0.2608208302 0.3822280463 0.0612054714
140000.000000 0.2559372800 0.3854940396 0.0617284489
141000.000000 0.2634765509 0.3852547517 0.0616901321
142000.000000 0.2344122625 0.3780414300 0.0605350763
143000.000000 0.2223244968 0.3855729547 0.0617410854
144000.000000 0.2219771486 0.3856955086 0.0617607097
145000.000000 0.2150529715 0.3898329754 0.0624232346
146000.000000 0.2170041040 0.3893928252 0.0623527542
147000.000000 0.2204724038 0.3791277181 0.0607090216
148000.000000 0.2227529815 0.3806325081 0.0609499808
149000.000000 0.2133161325 0.3867389275 0.0619277905
150000.000000 0.2091374844 0.3972430466 0.0636097957
151000.000000 0.2070697299 0.3934047012 0.0629951685
152000.000000 0.2029210751 0.3843296910 0.0615420039
153000.000000 0.1969233599 0.3725097782 0.0596493031
154000.000000 0.2055221410 0.3719195347 0.0595547885
155000.000000 0.1916512396 0.3711299067 0.0594283468
156000.000000 0.1882865873 0.3752905122 0.0600945769
157000.000000 0.1652419941 0.3592461624 0.0575254247
158000.000000 0.1559084410 0.3521410470 0.0563876957
159000.000000 0.1756999906 0.3594143994 0.0575523642
160000.000000 0.1684960240 0.3488680762 0.0558636010
161000.000000 0.1669010942 0.3519945552 0.0563642383
162000.000000 0.1558669906 0.3515679300 0.0562959236
163000.000000 0.1726504016 0.3512788840 0.0562496392
164000.000000 0.1616799099 0.3490955802 0.0559000308
165000.000000 0.1611139871 0.3440803947 0.0550969584
166000.000000 0.1668150486 0.3507504188 0.0561650170
167000.000000 0.1588250612 0.3545897531 0.0567798025
168000.000000 0.1530476232 0.3682652656 0.0589696371
169000.000000 0.1511043853 0.3584927080 0.0574047755
170000.000000 0.1447378596 0.3635607851 0.0582163173
171000.000000 0.1576770774 0.3775948617 0.0604635681
172000.000000 0.1553279540 0.3669512409 0.0587592247
173000.000000 0.1585093287 0.3800649872 0.0608591047
174000.000000 0.1397722931 0.3710641266 0.0594178135
175000.000000 0.1343776708 0.3636528431 0.0582310584
176000.000000 0.1398573774 0.3768907449 0.0603508192
177000.000000 0.1404971377 0.3714706845 0.0594829149
178000.000000 0.1338954120 0.3822016214 0.0612012400
179000.000000 0.1416380041 0.3776100959 0.0604660075
180000.000000 0.1513514642 0.3836413979 0.0614317888
