#-t-MSD-MSDCR-survive-Fkv-Fkvv-FkvvCR
10.000000 0.683232 0.639664 0.975561 0.910242 0.634084 0.624737
20.000000 1.008434 0.896086 0.959306 0.866056 0.514639 0.528493
30.000000 1.250378 1.057406 0.944344 0.831912 0.441243 0.476052
40.000000 1.448161 1.181840 0.930050 0.803786 0.389941 0.439837
50.000000 1.619798 1.287534 0.916239 0.779653 0.351058 0.411893
60.000000 1.779491 1.381485 0.902797 0.756776 0.318944 0.388924
70.000000 1.927812 1.468408 0.889688 0.735938 0.292531 0.369431
80.000000 2.066514 1.549213 0.876869 0.716245 0.270122 0.352435
90.000000 2.198163 1.625908 0.864320 0.697823 0.250914 0.337351
100.000000 2.321878 1.700207 0.852030 0.681689 0.234578 0.323790
110.000000 2.437511 1.771376 0.839973 0.667010 0.220558 0.311524
120.000000 2.550503 1.839492 0.828145 0.652192 0.207837 0.300256
130.000000 2.663837 1.906421 0.816535 0.637651 0.196197 0.290004
140.000000 2.773499 1.972129 0.805141 0.623248 0.185733 0.280462
150.000000 2.878336 2.037724 0.793953 0.610195 0.176491 0.271366
160.000000 2.976742 2.100718 0.782960 0.598388 0.168456 0.263171
170.000000 3.074847 2.162522 0.772164 0.586525 0.160911 0.255446
180.000000 3.173247 2.224402 0.761551 0.574808 0.153884 0.248106
190.000000 3.269756 2.284586 0.751111 0.563311 0.147430 0.241346
200.000000 3.363183 2.344528 0.740840 0.552489 0.141588 0.234935
210.000000 3.455334 2.404099 0.730728 0.542081 0.136246 0.228799
220.000000 3.546172 2.463660 0.720777 0.531736 0.131186 0.223006
230.000000 3.633755 2.521614 0.710981 0.521957 0.126672 0.217574
240.000000 3.722711 2.579782 0.701338 0.512781 0.122258 0.212383
250.000000 3.810351 2.636884 0.691839 0.503410 0.118172 0.207450
260.000000 3.897415 2.694182 0.682484 0.494447 0.114393 0.202765
270.000000 3.981960 2.751464 0.673279 0.486045 0.110937 0.198178
280.000000 4.065318 2.809017 0.664216 0.477610 0.107744 0.193945
290.000000 4.148076 2.865330 0.655297 0.469561 0.104697 0.189995
300.000000 4.231075 2.922146 0.646512 0.461502 0.101789 0.186093
310.000000 4.313588 2.977619 0.637863 0.453380 0.099006 0.182392
320.000000 4.395269 3.033403 0.629337 0.446033 0.096452 0.178857
330.000000 4.475022 3.088331 0.620934 0.438599 0.094093 0.175459
340.000000 4.554420 3.143832 0.612657 0.431689 0.091784 0.172116
350.000000 4.634502 3.199978 0.604510 0.424953 0.089612 0.168947
360.000000 4.713406 3.256141 0.596475 0.418187 0.087539 0.165826
370.000000 4.792513 3.311350 0.588557 0.411245 0.085606 0.162936
380.000000 4.871784 3.367725 0.580749 0.405127 0.083756 0.160017
390.000000 4.949150 3.422241 0.573067 0.399252 0.082009 0.157349
400.000000 5.025382 3.477202 0.565498 0.393302 0.080353 0.154704
410.000000 5.100561 3.531683 0.558047 0.387475 0.078792 0.152143
420.000000 5.176553 3.586454 0.550710 0.381897 0.077286 0.149676
430.000000 5.250892 3.640274 0.543485 0.376213 0.075883 0.147440
440.000000 5.324075 3.693495 0.536372 0.370601 0.074551 0.145203
450.000000 5.398405 3.747393 0.529366 0.365330 0.073301 0.142988
460.000000 5.471439 3.800709 0.522455 0.360351 0.072093 0.140973
470.000000 5.546109 3.854536 0.515651 0.355399 0.070897 0.138920
480.000000 5.619248 3.908327 0.508942 0.350703 0.069748 0.136902
490.000000 5.692978 3.961994 0.502327 0.346015 0.068670 0.135042
500.000000 5.765485 4.015086 0.495810 0.341619 0.067613 0.133197
510.000000 5.837465 4.067310 0.489388 0.337283 0.066601 0.131388
520.000000 5.908298 4.119776 0.483057 0.332682 0.065630 0.129640
530.000000 5.980551 4.172964 0.476825 0.328391 0.064694 0.127941
540.000000 6.051389 4.225272 0.470685 0.324105 0.063819 0.126332
550.000000 6.122172 4.277895 0.464640 0.320086 0.063018 0.124759
560.000000 6.191413 4.328763 0.458690 0.316124 0.062241 0.123316
570.000000 6.260510 4.380459 0.452819 0.312404 0.061481 0.121881
580.000000 6.329829 4.431797 0.447030 0.308852 0.060727 0.120485
590.000000 6.398815 4.483402 0.441320 0.304864 0.059975 0.119058
600.000000 6.467222 4.534938 0.435691 0.300806 0.059304 0.117724
610.000000 6.534905 4.585845 0.430144 0.296707 0.058606 0.116426
620.000000 6.601256 4.636588 0.424679 0.292595 0.057931 0.115179
630.000000 6.667711 4.686668 0.419296 0.288509 0.057305 0.113977
640.000000 6.735191 4.737511 0.413989 0.284600 0.056699 0.112825
650.000000 6.802166 4.788492 0.408760 0.280433 0.056137 0.111648
660.000000 6.869454 4.840127 0.403608 0.276813 0.055591 0.110513
670.000000 6.935020 4.889932 0.398532 0.273487 0.055081 0.109467
680.000000 7.000340 4.939977 0.393532 0.270457 0.054590 0.108449
690.000000 7.064969 4.991256 0.388599 0.266708 0.054110 0.107445
700.000000 7.129929 5.042026 0.383739 0.263251 0.053619 0.106431
710.000000 7.195466 5.093451 0.378949 0.259492 0.053166 0.105466
720.000000 7.259248 5.144357 0.374223 0.256071 0.052721 0.104504
730.000000 7.322200 5.194122 0.369561 0.253043 0.052291 0.103592
740.000000 7.387051 5.245934 0.364961 0.250034 0.051851 0.102706
750.000000 7.451457 5.296454 0.360426 0.247114 0.051472 0.101828
760.000000 7.516008 5.346757 0.355953 0.244146 0.051091 0.101026
770.000000 7.581503 5.398358 0.351543 0.240687 0.050714 0.100242
780.000000 7.645896 5.450913 0.347186 0.237795 0.050360 0.099407
790.000000 7.709275 5.501862 0.342891 0.234906 0.050024 0.098650
800.000000 7.773791 5.552556 0.338650 0.231638 0.049698 0.097918
810.000000 7.837380 5.604469 0.334468 0.228234 0.049384 0.097199
820.000000 7.900045 5.654791 0.330346 0.225240 0.049091 0.096490
830.000000 7.963994 5.707679 0.326279 0.222080 0.048779 0.095781
840.000000 8.025927 5.758265 0.322268 0.219145 0.048487 0.095118
850.000000 8.088007 5.808989 0.318310 0.216264 0.048220 0.094487
860.000000 8.151888 5.860823 0.314404 0.213700 0.047927 0.093821
870.000000 8.216687 5.912284 0.310549 0.211820 0.047659 0.093220
880.000000 8.281425 5.964857 0.306748 0.209224 0.047405 0.092627
890.000000 8.344203 6.015880 0.302996 0.206236 0.047150 0.092042
900.000000 8.406280 6.066808 0.299294 0.203765 0.046859 0.091471
910.000000 8.469266 6.117866 0.295641 0.201589 0.046603 0.090894
920.000000 8.532122 6.169446 0.292039 0.199092 0.046352 0.090336
930.000000 8.595003 6.220191 0.288489 0.196516 0.046080 0.089807
940.000000 8.658590 6.271814 0.284981 0.194324 0.045874 0.089254
950.000000 8.725591 6.325710 0.281518 0.192394 0.045620 0.088698
960.000000 8.789396 6.375251 0.278096 0.190082 0.045419 0.088205
970.000000 8.854595 6.427230 0.274719 0.187803 0.045205 0.087735
980.000000 8.920296 6.480291 0.271391 0.185429 0.044973 0.087222
990.000000 8.985088 6.531893 0.268108 0.183452 0.044745 0.086777
1000.000000 9.050129 6.582991 0.264864 0.180917 0.044569 0.086318
1010.000000 9.116217 6.635914 0.261671 0.178753 0.044368 0.085862
1020.000000 9.181878 6.689517 0.258516 0.176416 0.044177 0.085403
1030.000000 9.247321 6.742528 0.255405 0.174405 0.043997 0.084988
1040.000000 9.313759 6.795765 0.252324 0.172571 0.043812 0.084584
1050.000000 9.379465 6.848314 0.249286 0.170733 0.043631 0.084185
1060.000000 9.443488 6.899832 0.246284 0.168564 0.043457 0.083807
1070.000000 9.508782 6.953463 0.243320 0.166451 0.043273 0.083393
1080.000000 9.572739 7.006613 0.240392 0.164195 0.043118 0.083030
1090.000000 9.637626 7.059933 0.237500 0.162422 0.042934 0.082635
1100.000000 9.699867 7.111140 0.234643 0.160551 0.042799 0.082317
1110.000000 9.764706 7.166200 0.231819 0.159270 0.042666 0.081934
1120.000000 9.826915 7.217550 0.229027 0.157506 0.042557 0.081606
1130.000000 9.892024 7.271407 0.226272 0.155873 0.042433 0.081297
1140.000000 9.953662 7.322425 0.223553 0.154154 0.042329 0.080987
1150.000000 10.018473 7.375619 0.220863 0.152396 0.042189 0.080676
1160.000000 10.082854 7.428817 0.218210 0.150574 0.042068 0.080360
1170.000000 10.148395 7.483192 0.215593 0.148727 0.041950 0.080058
1180.000000 10.210636 7.535486 0.213009 0.147471 0.041841 0.079798
1190.000000 10.273544 7.586384 0.210457 0.145607 0.041723 0.079531
1200.000000 10.335754 7.638374 0.207934 0.143598 0.041586 0.079244
1210.000000 10.399585 7.690858 0.205436 0.141719 0.041463 0.078957
1220.000000 10.462816 7.742307 0.202969 0.140290 0.041336 0.078706
1230.000000 10.526320 7.793469 0.200534 0.138874 0.041207 0.078423
1240.000000 10.591188 7.846029 0.198129 0.137061 0.041086 0.078143
1250.000000 10.654764 7.897769 0.195753 0.135714 0.041005 0.077894
1260.000000 10.717470 7.948472 0.193409 0.134342 0.040915 0.077655
1270.000000 10.782133 7.999601 0.191094 0.132768 0.040833 0.077417
1280.000000 10.846971 8.051657 0.188799 0.131712 0.040741 0.077160
1290.000000 10.911510 8.103454 0.186537 0.130184 0.040651 0.076934
1300.000000 10.977076 8.155073 0.184303 0.128213 0.040574 0.076708
1310.000000 11.041115 8.207249 0.182097 0.126738 0.040476 0.076456
1320.000000 11.104531 8.260425 0.179915 0.125411 0.040405 0.076275
1330.000000 11.167239 8.310605 0.177761 0.123896 0.040333 0.076059
1340.000000 11.227798 8.359833 0.175635 0.122953 0.040249 0.075834
1350.000000 11.289243 8.410646 0.173536 0.121741 0.040186 0.075632
1360.000000 11.350007 8.462742 0.171465 0.120564 0.040131 0.075416
1370.000000 11.409291 8.512865 0.169421 0.119210 0.040067 0.075222
1380.000000 11.469628 8.564102 0.167400 0.117930 0.040011 0.075027
1390.000000 11.528644 8.613808 0.165402 0.116758 0.039956 0.074830
1400.000000 11.587505 8.663980 0.163430 0.115478 0.039895 0.074635
1410.000000 11.647469 8.716112 0.161480 0.114321 0.039850 0.074471
1420.000000 11.709053 8.769544 0.159559 0.113768 0.039782 0.074266
1430.000000 11.766559 8.818836 0.157666 0.112884 0.039730 0.074096
1440.000000 11.828754 8.872678 0.155797 0.112029 0.039672 0.073908
1450.000000 11.888637 8.924641 0.153945 0.111111 0.039625 0.073736
1460.000000 11.947944 8.977638 0.152121 0.110600 0.039561 0.073544
1470.000000 12.009673 9.030488 0.150319 0.109605 0.039510 0.073379
1480.000000 12.070760 9.083046 0.148539 0.108386 0.039456 0.073220
1490.000000 12.130114 9.134287 0.146781 0.107698 0.039438 0.073075
1500.000000 12.191819 9.188984 0.145044 0.107144 0.039405 0.072942
1510.000000 12.254729 9.244513 0.143326 0.106314 0.039362 0.072775
1520.000000 12.312548 9.295112 0.141629 0.105175 0.039327 0.072643
1530.000000 12.370040 9.346506 0.139957 0.104011 0.039273 0.072488
1540.000000 12.428031 9.399987 0.138306 0.102712 0.039210 0.072319
1550.000000 12.489319 9.456299 0.136678 0.101619 0.039163 0.072165
1560.000000 12.548184 9.510019 0.135070 0.100489 0.039126 0.072036
1570.000000 12.608576 9.563229 0.133479 0.099124 0.039076 0.071884
1580.000000 12.667847 9.615578 0.131906 0.097934 0.039028 0.071752
1590.000000 12.723549 9.663652 0.130349 0.096817 0.038975 0.071628
1600.000000 12.782183 9.715185 0.128815 0.095709 0.038931 0.071531
1610.000000 12.841141 9.768645 0.127299 0.094839 0.038900 0.071397
1620.000000 12.897214 9.819302 0.125803 0.093535 0.038858 0.071275
1630.000000 12.951873 9.870823 0.124319 0.092319 0.038810 0.071146
1640.000000 13.008133 9.922118 0.122853 0.091323 0.038767 0.071017
1650.000000 13.062889 9.972864 0.121406 0.090385 0.038727 0.070900
1660.000000 13.118958 10.024552 0.119973 0.089702 0.038693 0.070781
1670.000000 13.175723 10.075643 0.118555 0.089076 0.038662 0.070694
1680.000000 13.234079 10.129227 0.117156 0.088317 0.038617 0.070585
1690.000000 13.291702 10.181834 0.115775 0.087664 0.038573 0.070474
1700.000000 13.350531 10.235290 0.114412 0.086606 0.038515 0.070367
1710.000000 13.403400 10.283097 0.113068 0.085700 0.038466 0.070276
1720.000000 13.457610 10.333556 0.111743 0.084958 0.038415 0.070171
1730.000000 13.513145 10.385350 0.110436 0.083989 0.038386 0.070087
1740.000000 13.567137 10.436016 0.109141 0.082879 0.038351 0.069997
1750.000000 13.622048 10.486419 0.107863 0.081827 0.038327 0.069907
1760.000000 13.676976 10.536935 0.106597 0.080813 0.038299 0.069796
1770.000000 13.732990 10.590229 0.105348 0.079675 0.038269 0.069671
1780.000000 13.787810 10.641981 0.104113 0.078678 0.038252 0.069584
1790.000000 13.841687 10.693714 0.102894 0.077909 0.038236 0.069496
1800.000000 13.894466 10.746742 0.101697 0.077158 0.038217 0.069404
1810.000000 13.946228 10.797804 0.100512 0.076166 0.038174 0.069312
1820.000000 13.999957 10.849921 0.099337 0.075092 0.038147 0.069235
1830.000000 14.052467 10.899018 0.098174 0.073985 0.038123 0.069148
1840.000000 14.108256 10.951247 0.097027 0.073342 0.038107 0.069067
1850.000000 14.161358 11.002537 0.095891 0.072490 0.038069 0.068974
1860.000000 14.213472 11.053925 0.094770 0.071878 0.038046 0.068876
1870.000000 14.265831 11.104138 0.093659 0.071032 0.038035 0.068816
1880.000000 14.323222 11.159317 0.092559 0.070150 0.037995 0.068724
1890.000000 14.374474 11.209272 0.091470 0.069172 0.037949 0.068637
1900.000000 14.428774 11.261688 0.090395 0.068432 0.037929 0.068554
1910.000000 14.482458 11.314371 0.089332 0.068021 0.037909 0.068483
1920.000000 14.534676 11.363165 0.088280 0.066860 0.037897 0.068416
1930.000000 14.586238 11.410598 0.087241 0.066013 0.037882 0.068344
1940.000000 14.641365 11.462367 0.086215 0.065043 0.037868 0.068260
1950.000000 14.696946 11.516165 0.085201 0.063859 0.037834 0.068185
1960.000000 14.755029 11.574775 0.084199 0.062955 0.037824 0.068131
1970.000000 14.809165 11.626651 0.083206 0.062210 0.037813 0.068081
1980.000000 14.863085 11.678530 0.082228 0.061726 0.037796 0.068038
1990.000000 14.916293 11.728948 0.081264 0.061244 0.037769 0.067975
2000.000000 14.969042 11.779068 0.080313 0.060736 0.037756 0.067921
2010.000000 15.017958 11.827904 0.079374 0.060460 0.037740 0.067866
2020.000000 15.068219 11.878102 0.078447 0.059912 0.037720 0.067798
2030.000000 15.122735 11.932002 0.077531 0.059058 0.037701 0.067747
2040.000000 15.176978 11.984765 0.076627 0.058275 0.037668 0.067682
2050.000000 15.228548 12.034647 0.075740 0.057572 0.037656 0.067626
2060.000000 15.282399 12.086924 0.074862 0.057216 0.037646 0.067575
2070.000000 15.331552 12.133990 0.073990 0.056880 0.037642 0.067535
2080.000000 15.381833 12.181545 0.073127 0.056493 0.037630 0.067491
2090.000000 15.435866 12.232805 0.072272 0.055911 0.037624 0.067437
2100.000000 15.492052 12.283396 0.071430 0.055469 0.037610 0.067400
2110.000000 15.548958 12.336900 0.070597 0.054877 0.037599 0.067351
2120.000000 15.606727 12.391446 0.069777 0.054360 0.037589 0.067311
2130.000000 15.661890 12.445026 0.068969 0.053893 0.037575 0.067263
2140.000000 15.715747 12.497326 0.068171 0.053445 0.037566 0.067213
2150.000000 15.765768 12.547804 0.067381 0.052805 0.037557 0.067177
2160.000000 15.820058 12.598519 0.066603 0.052242 0.037548 0.067127
2170.000000 15.874494 12.650758 0.065834 0.051736 0.037533 0.067093
2180.000000 15.929789 12.701122 0.065074 0.050819 0.037520 0.067065
2190.000000 15.985054 12.753249 0.064323 0.050284 0.037512 0.067028
2200.000000 16.035916 12.802716 0.063577 0.049504 0.037498 0.066981
2210.000000 16.085728 12.852080 0.062840 0.049025 0.037494 0.066959
2220.000000 16.134723 12.900963 0.062110 0.048137 0.037481 0.066931
2230.000000 16.185123 12.951370 0.061390 0.047240 0.037465 0.066890
2240.000000 16.237167 13.004970 0.060682 0.046459 0.037455 0.066864
2250.000000 16.287562 13.055023 0.059984 0.045888 0.037439 0.066840
2260.000000 16.338204 13.107038 0.059294 0.045116 0.037417 0.066797
2270.000000 16.387734 13.155814 0.058613 0.044862 0.037411 0.066770
2280.000000 16.438686 13.208826 0.057939 0.044498 0.037393 0.066738
2290.000000 16.491350 13.262201 0.057274 0.043904 0.037372 0.066699
2300.000000 16.542044 13.311514 0.056616 0.043644 0.037357 0.066678
2310.000000 16.592104 13.361526 0.055966 0.043052 0.037345 0.066651
2320.000000 16.638793 13.408353 0.055325 0.042648 0.037327 0.066631
2330.000000 16.689408 13.459897 0.054693 0.041941 0.037315 0.066616
2340.000000 16.736907 13.508581 0.054068 0.041282 0.037298 0.066606
2350.000000 16.785663 13.562044 0.053450 0.040643 0.037296 0.066583
2360.000000 16.835033 13.613883 0.052841 0.040071 0.037283 0.066555
2370.000000 16.883792 13.669717 0.052236 0.039668 0.037278 0.066518
2380.000000 16.932031 13.721732 0.051638 0.039576 0.037272 0.066494
2390.000000 16.982580 13.776489 0.051048 0.039736 0.037264 0.066465
2400.000000 17.035373 13.833006 0.050469 0.039980 0.037259 0.066434
2410.000000 17.083815 13.884822 0.049895 0.040419 0.037257 0.066396
2420.000000 17.133553 13.931815 0.049327 0.040200 0.037253 0.066361
2430.000000 17.184070 13.982381 0.048765 0.040206 0.037242 0.066326
2440.000000 17.235760 14.034655 0.048210 0.039843 0.037239 0.066294
2450.000000 17.283446 14.082234 0.047663 0.039813 0.037238 0.066274
2460.000000 17.332667 14.130057 0.047123 0.039536 0.037226 0.066249
2470.000000 17.383358 14.180757 0.046587 0.039104 0.037216 0.066234
2480.000000 17.429995 14.228430 0.046058 0.038799 0.037205 0.066216
2490.000000 17.474424 14.274232 0.045537 0.038426 0.037191 0.066182
2500.000000 17.516328 14.318028 0.045023 0.038469 0.037178 0.066172
2510.000000 17.561618 14.364724 0.044515 0.037822 0.037169 0.066146
2520.000000 17.609830 14.415818 0.044015 0.037479 0.037166 0.066132
2530.000000 17.658920 14.467642 0.043520 0.036683 0.037161 0.066107
2540.000000 17.708426 14.516677 0.043028 0.036216 0.037146 0.066076
2550.000000 17.754033 14.563613 0.042542 0.035258 0.037133 0.066046
2560.000000 17.795931 14.606466 0.042061 0.034530 0.037121 0.066022
2570.000000 17.841366 14.651967 0.041584 0.033995 0.037120 0.066009
2580.000000 17.888238 14.698446 0.041115 0.033820 0.037104 0.065991
2590.000000 17.931521 14.743648 0.040650 0.033448 0.037095 0.065977
2600.000000 17.970076 14.786398 0.040190 0.032971 0.037091 0.065969
2610.000000 18.010707 14.829185 0.039735 0.032699 0.037079 0.065946
2620.000000 18.053771 14.875609 0.039285 0.032558 0.037068 0.065934
2630.000000 18.089429 14.917020 0.038842 0.032155 0.037066 0.065920
2640.000000 18.127033 14.959767 0.038406 0.031952 0.037061 0.065905
2650.000000 18.160280 15.000150 0.037977 0.031637 0.037055 0.065887
2660.000000 18.196407 15.042723 0.037555 0.031480 0.037041 0.065865
2670.000000 18.235786 15.087107 0.037140 0.031675 0.037035 0.065845
2680.000000 18.279013 15.136282 0.036731 0.031403 0.037031 0.065831
2690.000000 18.317746 15.181913 0.036325 0.030872 0.037022 0.065811
2700.000000 18.357782 15.225471 0.035924 0.030513 0.037014 0.065790
2710.000000 18.390103 15.263406 0.035528 0.030285 0.037010 0.065771
2720.000000 18.423396 15.304837 0.035138 0.030142 0.037004 0.065761
2730.000000 18.451287 15.342235 0.034752 0.029909 0.037003 0.065756
2740.000000 18.481488 15.376334 0.034370 0.029540 0.036994 0.065735
2750.000000 18.513663 15.418055 0.033993 0.029362 0.036984 0.065718
2760.000000 18.545916 15.454970 0.033620 0.028866 0.036981 0.065710
2770.000000 18.578869 15.493859 0.033251 0.028482 0.036979 0.065700
2780.000000 18.612885 15.533127 0.032887 0.028535 0.036980 0.065686
2790.000000 18.645751 15.565089 0.032530 0.028617 0.036979 0.065670
2800.000000 18.683069 15.609185 0.032177 0.028382 0.036976 0.065656
2810.000000 18.716852 15.645861 0.031828 0.028494 0.036980 0.065646
2820.000000 18.752138 15.683002 0.031483 0.028699 0.036978 0.065637
2830.000000 18.787806 15.721861 0.031144 0.028646 0.036972 0.065621
2840.000000 18.821220 15.759945 0.030809 0.028574 0.036973 0.065613
2850.000000 18.850230 15.794756 0.030478 0.028426 0.036977 0.065608
2860.000000 18.887369 15.833744 0.030151 0.028192 0.036976 0.065595
2870.000000 18.926180 15.872965 0.029829 0.027953 0.036973 0.065588
2880.000000 18.972631 15.921874 0.029511 0.027508 0.036967 0.065575
2890.000000 19.016239 15.966530 0.029195 0.027018 0.036961 0.065558
2900.000000 19.060315 16.013918 0.028882 0.026758 0.036948 0.065545
2910.000000 19.101427 16.062100 0.028571 0.026535 0.036937 0.065531
2920.000000 19.132412 16.099900 0.028263 0.026238 0.036933 0.065526
2930.000000 19.165297 16.139441 0.027957 0.026309 0.036921 0.065516
2940.000000 19.195747 16.175528 0.027656 0.026078 0.036915 0.065504
2950.000000 19.233370 16.215358 0.027358 0.025605 0.036904 0.065493
2960.000000 19.270529 16.258690 0.027063 0.025117 0.036905 0.065483
2970.000000 19.309766 16.301362 0.026773 0.024574 0.036901 0.065472
2980.000000 19.348404 16.345490 0.026485 0.024194 0.036900 0.065457
2990.000000 19.386354 16.385510 0.026199 0.023843 0.036892 0.065450
3000.000000 19.423123 16.424065 0.025917 0.023697 0.036887 0.065440
3010.000000 19.461366 16.466842 0.025639 0.023579 0.036875 0.065425
3020.000000 19.495316 16.508177 0.025363 0.023086 0.036867 0.065422
3030.000000 19.531972 16.549178 0.025089 0.022995 0.036858 0.065404
3040.000000 19.563991 16.584858 0.024818 0.022802 0.036860 0.065392
3050.000000 19.602980 16.626183 0.024548 0.022328 0.036854 0.065384
3060.000000 19.638970 16.668072 0.024283 0.021902 0.036853 0.065378
3070.000000 19.675603 16.707984 0.024020 0.021289 0.036852 0.065371
3080.000000 19.715313 16.745785 0.023760 0.020820 0.036849 0.065358
3090.000000 19.742835 16.778121 0.023503 0.020335 0.036843 0.065350
3100.000000 19.778509 16.818323 0.023248 0.019836 0.036839 0.065336
3110.000000 19.809456 16.857483 0.022997 0.019356 0.036836 0.065322
3120.000000 19.837336 16.893055 0.022750 0.019001 0.036833 0.065307
3130.000000 19.861560 16.925616 0.022506 0.018647 0.036827 0.065308
3140.000000 19.888602 16.961806 0.022264 0.018530 0.036824 0.065295
3150.000000 19.916664 17.001664 0.022026 0.017938 0.036823 0.065293
3160.000000 19.946513 17.039596 0.021791 0.017519 0.036819 0.065281
3170.000000 19.968190 17.072861 0.021559 0.017081 0.036812 0.065272
3180.000000 19.998271 17.109722 0.021328 0.016810 0.036806 0.065264
3190.000000 20.037706 17.152398 0.021100 0.016302 0.036802 0.065251
3200.000000 20.074187 17.193417 0.020875 0.016443 0.036807 0.065240
3210.000000 20.104614 17.232876 0.020653 0.016086 0.036807 0.065235
3220.000000 20.133241 17.266012 0.020435 0.016330 0.036812 0.065239
3230.000000 20.161995 17.297131 0.020219 0.016204 0.036815 0.065237
3240.000000 20.197800 17.334131 0.020007 0.016317 0.036812 0.065226
3250.000000 20.229496 17.369296 0.019796 0.016304 0.036805 0.065221
3260.000000 20.266184 17.405229 0.019588 0.015838 0.036802 0.065212
3270.000000 20.298495 17.439417 0.019380 0.015935 0.036800 0.065201
3280.000000 20.328266 17.474753 0.019176 0.015841 0.036796 0.065192
3290.000000 20.350598 17.496678 0.018975 0.015867 0.036794 0.065188
3300.000000 20.372337 17.524326 0.018775 0.015854 0.036791 0.065192
3310.000000 20.393991 17.551609 0.018579 0.015675 0.036782 0.065182
3320.000000 20.418862 17.583203 0.018385 0.015390 0.036779 0.065170
3330.000000 20.440817 17.606949 0.018191 0.015381 0.036778 0.065172
3340.000000 20.461063 17.633272 0.017998 0.015212 0.036778 0.065166
3350.000000 20.488359 17.666208 0.017806 0.014887 0.036778 0.065158
3360.000000 20.506221 17.691770 0.017615 0.014764 0.036772 0.065146
3370.000000 20.524601 17.712960 0.017426 0.015149 0.036773 0.065142
3380.000000 20.536473 17.728521 0.017240 0.014877 0.036772 0.065142
3390.000000 20.548074 17.752664 0.017055 0.014961 0.036777 0.065138
3400.000000 20.555262 17.767817 0.016872 0.015161 0.036774 0.065125
3410.000000 20.562070 17.784703 0.016691 0.015363 0.036775 0.065116
3420.000000 20.574121 17.802411 0.016511 0.015605 0.036771 0.065107
3430.000000 20.590509 17.823434 0.016334 0.015383 0.036764 0.065099
3440.000000 20.609630 17.846785 0.016159 0.015437 0.036760 0.065085
3450.000000 20.627255 17.866548 0.015986 0.015148 0.036757 0.065082
3460.000000 20.647176 17.891521 0.015816 0.015230 0.036753 0.065071
3470.000000 20.667772 17.916578 0.015648 0.015157 0.036755 0.065064
3480.000000 20.700507 17.950808 0.015482 0.014918 0.036756 0.065064
3490.000000 20.722364 17.973744 0.015318 0.015198 0.036758 0.065059
3500.000000 20.755940 18.011889 0.015156 0.015223 0.036755 0.065054
3510.000000 20.787554 18.042913 0.014997 0.015376 0.036753 0.065049
3520.000000 20.812818 18.068829 0.014838 0.015589 0.036748 0.065039
3530.000000 20.844092 18.100634 0.014681 0.015639 0.036746 0.065038
3540.000000 20.881099 18.138201 0.014526 0.016046 0.036748 0.065032
3550.000000 20.918635 18.173527 0.014374 0.016055 0.036744 0.065023
3560.000000 20.959999 18.216967 0.014224 0.016058 0.036742 0.065024
3570.000000 20.996945 18.256394 0.014077 0.016086 0.036738 0.065018
3580.000000 21.034834 18.295425 0.013932 0.015910 0.036730 0.065008
3590.000000 21.073592 18.334989 0.013788 0.015659 0.036730 0.065005
3600.000000 21.116990 18.377378 0.013644 0.015316 0.036723 0.064991
3610.000000 21.155751 18.416280 0.013501 0.015052 0.036719 0.064982
3620.000000 21.192415 18.456432 0.013358 0.015135 0.036711 0.064972
3630.000000 21.223092 18.487091 0.013216 0.015070 0.036705 0.064967
3640.000000 21.262108 18.519011 0.013077 0.015151 0.036705 0.064963
3650.000000 21.294605 18.549952 0.012940 0.015566 0.036701 0.064959
3660.000000 21.327082 18.582433 0.012804 0.015724 0.036701 0.064956
3670.000000 21.364485 18.620952 0.012669 0.015967 0.036699 0.064958
3680.000000 21.403926 18.659956 0.012536 0.016274 0.036696 0.064949
3690.000000 21.442888 18.698485 0.012405 0.016628 0.036694 0.064941
3700.000000 21.484806 18.732119 0.012276 0.016676 0.036695 0.064939
3710.000000 21.524948 18.768447 0.012147 0.017202 0.036696 0.064935
3720.000000 21.565796 18.809418 0.012020 0.017441 0.036701 0.064940
3730.000000 21.606905 18.845808 0.011893 0.017058 0.036699 0.064942
3740.000000 21.646408 18.884196 0.011769 0.017118 0.036694 0.064938
3750.000000 21.688680 18.926091 0.011645 0.016902 0.036694 0.064940
3760.000000 21.729094 18.968875 0.011523 0.016777 0.036695 0.064933
3770.000000 21.777377 19.012936 0.011401 0.016565 0.036696 0.064929
3780.000000 21.824163 19.056600 0.011281 0.016159 0.036695 0.064925
3790.000000 21.859374 19.086334 0.011162 0.016136 0.036691 0.064923
3800.000000 21.899792 19.129497 0.011044 0.015879 0.036687 0.064920
3810.000000 21.932909 19.164075 0.010929 0.015580 0.036684 0.064919
3820.000000 21.964083 19.188162 0.010813 0.015269 0.036683 0.064915
3830.000000 21.991401 19.219607 0.010699 0.014921 0.036686 0.064915
3840.000000 22.020269 19.248559 0.010586 0.014624 0.036681 0.064914
3850.000000 22.041506 19.270532 0.010474 0.014529 0.036681 0.064913
3860.000000 22.066884 19.298847 0.010362 0.014512 0.036679 0.064908
3870.000000 22.098957 19.339379 0.010254 0.014408 0.036678 0.064909
3880.000000 22.126081 19.372240 0.010147 0.014279 0.036677 0.064907
3890.000000 22.151437 19.402674 0.010042 0.014337 0.036676 0.064905
3900.000000 22.180354 19.442526 0.009937 0.014599 0.036674 0.064901
3910.000000 22.210370 19.474305 0.009834 0.014324 0.036673 0.064902
3920.000000 22.247668 19.515685 0.009732 0.013878 0.036666 0.064894
3930.000000 22.279457 19.556221 0.009630 0.013489 0.036661 0.064886
3940.000000 22.307892 19.583588 0.009529 0.013102 0.036657 0.064876
3950.000000 22.336773 19.621208 0.009429 0.012944 0.036656 0.064871
3960.000000 22.366586 19.652876 0.009329 0.012498 0.036653 0.064872
3970.000000 22.392863 19.678506 0.009231 0.011933 0.036650 0.064868
3980.000000 22.429715 19.720730 0.009134 0.011668 0.036648 0.064862
3990.000000 22.458933 19.755621 0.009037 0.011607 0.036649 0.064862
4000.000000 22.483653 19.784029 0.008943 0.011331 0.036653 0.064865
4010.000000 22.528046 19.841112 0.008850 0.010811 0.036652 0.064865
4020.000000 22.559241 19.881388 0.008759 0.010470 0.036653 0.064860
4030.000000 22.596486 19.926700 0.008668 0.010525 0.036655 0.064861
4040.000000 22.616139 19.956589 0.008578 0.010582 0.036652 0.064857
4050.000000 22.655831 20.005179 0.008490 0.010405 0.036651 0.064855
4060.000000 22.681299 20.040512 0.008402 0.010284 0.036647 0.064851
4070.000000 22.726577 20.094018 0.008315 0.010402 0.036646 0.064851
4080.000000 22.772447 20.151298 0.008229 0.010781 0.036643 0.064851
4090.000000 22.805791 20.194360 0.008143 0.010843 0.036640 0.064847
4100.000000 22.835681 20.234605 0.008058 0.010683 0.036640 0.064846
4110.000000 22.862002 20.273146 0.007973 0.010699 0.036642 0.064846
4120.000000 22.891447 20.312200 0.007888 0.010705 0.036643 0.064844
4130.000000 22.922584 20.358812 0.007804 0.010399 0.036645 0.064844
4140.000000 22.944330 20.390955 0.007721 0.010254 0.036642 0.064844
4150.000000 22.958946 20.412902 0.007639 0.009994 0.036642 0.064844
4160.000000 22.972890 20.437719 0.007558 0.009990 0.036637 0.064842
4170.000000 22.990531 20.463655 0.007477 0.009385 0.036636 0.064843
4180.000000 23.012222 20.498920 0.007397 0.009671 0.036636 0.064838
4190.000000 23.035296 20.532133 0.007318 0.009435 0.036640 0.064840
4200.000000 23.068217 20.573214 0.007241 0.009389 0.036641 0.064841
4210.000000 23.102379 20.619550 0.007165 0.009369 0.036640 0.064843
4220.000000 23.128796 20.659889 0.007090 0.008858 0.036638 0.064841
4230.000000 23.162569 20.696189 0.007016 0.008245 0.036637 0.064845
4240.000000 23.186839 20.727185 0.006942 0.008420 0.036633 0.064844
4250.000000 23.221303 20.770594 0.006869 0.008873 0.036632 0.064844
4260.000000 23.251115 20.807131 0.006797 0.009155 0.036630 0.064842
4270.000000 23.284577 20.842214 0.006724 0.009011 0.036628 0.064841
4280.000000 23.328323 20.889533 0.006652 0.008997 0.036627 0.064840
4290.000000 23.371074 20.939223 0.006580 0.008931 0.036628 0.064842
4300.000000 23.410013 20.988893 0.006509 0.009417 0.036624 0.064837
4310.000000 23.458963 21.052615 0.006439 0.009316 0.036628 0.064836
4320.000000 23.482539 21.082804 0.006369 0.009210 0.036628 0.064834
4330.000000 23.509771 21.125441 0.006299 0.008681 0.036628 0.064832
4340.000000 23.542210 21.176659 0.006231 0.008592 0.036631 0.064829
4350.000000 23.586845 21.228237 0.006163 0.008845 0.036631 0.064826
4360.000000 23.623064 21.273983 0.006096 0.008972 0.036628 0.064823
4370.000000 23.648556 21.319756 0.006029 0.008637 0.036627 0.064823
4380.000000 23.677044 21.368259 0.005964 0.008536 0.036626 0.064823
4390.000000 23.712083 21.424445 0.005899 0.008183 0.036627 0.064820
4400.000000 23.744702 21.476958 0.005835 0.008131 0.036624 0.064821
4410.000000 23.777091 21.523212 0.005770 0.008077 0.036622 0.064817
4420.000000 23.807167 21.571211 0.005707 0.008404 0.036619 0.064812
4430.000000 23.825887 21.606490 0.005644 0.008647 0.036620 0.064809
4440.000000 23.852216 21.645003 0.005582 0.008449 0.036619 0.064807
4450.000000 23.883201 21.694994 0.005520 0.008276 0.036616 0.064806
4460.000000 23.910692 21.737831 0.005459 0.007993 0.036614 0.064800
4470.000000 23.922714 21.772281 0.005399 0.007692 0.036611 0.064797
4480.000000 23.947543 21.818832 0.005340 0.007433 0.036609 0.064797
4490.000000 23.948659 21.839902 0.005281 0.007345 0.036607 0.064791
4500.000000 23.959010 21.863770 0.005223 0.007285 0.036605 0.064785
4510.000000 23.990251 21.908428 0.005165 0.006860 0.036604 0.064783
4520.000000 23.992624 21.927973 0.005108 0.006480 0.036600 0.064779
4530.000000 24.019171 21.974409 0.005051 0.006200 0.036599 0.064779
4540.000000 24.019307 22.002534 0.004994 0.005905 0.036599 0.064779
4550.000000 24.024888 22.031973 0.004938 0.005603 0.036598 0.064777
4560.000000 24.041244 22.077012 0.004882 0.005404 0.036600 0.064778
4570.000000 24.055764 22.109799 0.004827 0.005614 0.036601 0.064777
4580.000000 24.088323 22.154295 0.004773 0.005452 0.036599 0.064775
4590.000000 24.117846 22.202313 0.004719 0.005125 0.036596 0.064774
4600.000000 24.153260 22.253950 0.004667 0.005096 0.036597 0.064772
4610.000000 24.188264 22.304292 0.004616 0.004710 0.036596 0.064773
4620.000000 24.210603 22.338784 0.004564 0.004855 0.036594 0.064772
4630.000000 24.247393 22.386301 0.004513 0.004661 0.036596 0.064771
4640.000000 24.274552 22.426705 0.004462 0.003998 0.036596 0.064772
4650.000000 24.278659 22.454590 0.004413 0.003498 0.036595 0.064771
4660.000000 24.274807 22.473507 0.004365 0.003226 0.036596 0.064769
4670.000000 24.281376 22.498893 0.004318 0.003117 0.036593 0.064769
4680.000000 24.289852 22.517492 0.004272 0.003179 0.036589 0.064764
4690.000000 24.296493 22.542834 0.004226 0.003395 0.036587 0.064766
4700.000000 24.296850 22.561170 0.004180 0.003185 0.036586 0.064760
4710.000000 24.306358 22.582283 0.004135 0.003249 0.036583 0.064757
4720.000000 24.319064 22.614494 0.004091 0.003464 0.036583 0.064760
4730.000000 24.352924 22.655868 0.004046 0.003330 0.036581 0.064758
4740.000000 24.377698 22.694131 0.004001 0.003081 0.036579 0.064754
4750.000000 24.404636 22.739828 0.003957 0.003110 0.036581 0.064755
4760.000000 24.417668 22.772209 0.003914 0.003324 0.036579 0.064754
4770.000000 24.434350 22.798457 0.003871 0.003488 0.036577 0.064750
4780.000000 24.443421 22.835938 0.003829 0.003550 0.036577 0.064749
4790.000000 24.460453 22.868913 0.003787 0.003677 0.036577 0.064748
4800.000000 24.499587 22.928841 0.003745 0.003868 0.036576 0.064748
4810.000000 24.546522 22.988952 0.003704 0.003958 0.036576 0.064745
4820.000000 24.588289 23.045904 0.003664 0.004278 0.036578 0.064745
4830.000000 24.615508 23.086895 0.003625 0.004406 0.036577 0.064746
4840.000000 24.637661 23.135063 0.003587 0.004743 0.036576 0.064741
4850.000000 24.661903 23.177477 0.003548 0.004859 0.036575 0.064736
4860.000000 24.724708 23.268011 0.003510 0.005159 0.036573 0.064730
4870.000000 24.773182 23.330127 0.003473 0.005305 0.036572 0.064728
4880.000000 24.794112 23.375748 0.003435 0.004826 0.036572 0.064725
4890.000000 24.813309 23.412769 0.003398 0.004410 0.036572 0.064721
4900.000000 24.843662 23.474426 0.003361 0.004049 0.036572 0.064721
4910.000000 24.874279 23.531677 0.003324 0.003613 0.036572 0.064720
4920.000000 24.894941 23.577197 0.003288 0.003387 0.036573 0.064721
4930.000000 24.917386 23.620502 0.003252 0.003016 0.036572 0.064719
4940.000000 24.910384 23.637172 0.003216 0.003016 0.036571 0.064719
4950.000000 24.907888 23.668558 0.003180 0.002827 0.036571 0.064718
4960.000000 24.924346 23.708290 0.003145 0.002477 0.036572 0.064718
4970.000000 24.915590 23.723286 0.003110 0.002464 0.036573 0.064719
4980.000000 24.897277 23.729476 0.003077 0.002432 0.036574 0.064719
4990.000000 24.892818 23.743606 0.003043 0.002831 0.036573 0.064719
5000.000000 24.875434 23.747367 0.003012 0.002831 0.036574 0.064719
