#-t-MSD1-MSD2-MSDCR1-MSDCR2-survive-Fkv-Fkvv-FkvvCR
100.000000 1.056005 0.000000 0.817682 0.000000 0.953468 0.946735 0.433758 0.515753
200.000000 1.403395 0.053441 0.928189 0.054229 0.938773 0.925050 0.337244 0.468876
300.000000 1.623729 0.108200 0.993830 0.111438 0.924777 0.909438 0.284586 0.438693
400.000000 1.793456 0.161204 1.054636 0.167406 0.910954 0.896965 0.248674 0.411392
500.000000 1.936892 0.213810 1.112881 0.223119 0.897443 0.885843 0.221134 0.386243
600.000000 2.061790 0.266289 1.170796 0.278734 0.884202 0.876382 0.199086 0.362845
700.000000 2.172422 0.318376 1.227131 0.334007 0.871221 0.868066 0.181041 0.341183
800.000000 2.275759 0.370239 1.284121 0.389064 0.858476 0.860583 0.165568 0.320740
900.000000 2.370603 0.421889 1.338687 0.443941 0.845959 0.853325 0.152151 0.301931
1000.000000 2.462302 0.473459 1.394573 0.498766 0.833657 0.846836 0.140187 0.284024
1100.000000 2.547726 0.524960 1.448583 0.553356 0.821551 0.840887 0.129678 0.267446
1200.000000 2.628171 0.576423 1.503245 0.607845 0.809640 0.835486 0.120434 0.251912
1300.000000 2.705214 0.628001 1.557753 0.662495 0.797947 0.829967 0.112037 0.237111
1400.000000 2.781873 0.679506 1.612405 0.717040 0.786451 0.824767 0.104337 0.223314
1500.000000 2.858120 0.730848 1.666728 0.771296 0.775129 0.819521 0.097180 0.210268
1600.000000 2.930890 0.782182 1.720652 0.825504 0.763984 0.814615 0.090705 0.198121
1700.000000 3.002754 0.833593 1.774708 0.879819 0.753019 0.809984 0.084759 0.186550
1800.000000 3.073620 0.884852 1.829125 0.933955 0.742224 0.805427 0.079306 0.175706
1900.000000 3.142234 0.936241 1.883322 0.988149 0.731600 0.801530 0.074310 0.165569
2000.000000 3.208767 0.987604 1.938550 1.042209 0.721131 0.797410 0.069763 0.155906
2100.000000 3.274089 1.039043 1.992017 1.096283 0.710811 0.793632 0.065539 0.146938
2200.000000 3.340229 1.090433 2.047091 1.150397 0.700674 0.789933 0.061477 0.138370
2300.000000 3.406887 1.141858 2.101807 1.204370 0.690695 0.786471 0.057743 0.130371
2400.000000 3.472599 1.193139 2.157240 1.258204 0.680844 0.782960 0.054185 0.122748
2500.000000 3.535446 1.244350 2.211878 1.312166 0.671147 0.779501 0.050981 0.115651
2600.000000 3.596588 1.295511 2.265046 1.365932 0.661590 0.776169 0.048034 0.109039
2700.000000 3.657261 1.346596 2.319836 1.419617 0.652150 0.773077 0.045235 0.102746
2800.000000 3.718219 1.397798 2.374292 1.473479 0.642852 0.770182 0.042592 0.096827
2900.000000 3.778188 1.448863 2.427248 1.527165 0.633701 0.767295 0.040129 0.091277
3000.000000 3.839091 1.499980 2.481651 1.580824 0.624696 0.764329 0.037809 0.085987
3100.000000 3.898348 1.551099 2.534883 1.634441 0.615832 0.761577 0.035584 0.081094
3200.000000 3.957127 1.602122 2.586969 1.687855 0.607077 0.758553 0.033588 0.076552
3300.000000 4.018092 1.653273 2.641386 1.741287 0.598457 0.755217 0.031589 0.072137
3400.000000 4.077787 1.704282 2.695698 1.794673 0.589967 0.752576 0.029777 0.067968
3500.000000 4.137394 1.755331 2.749292 1.848050 0.581612 0.749527 0.028091 0.064114
3600.000000 4.197531 1.806324 2.804120 1.901294 0.573365 0.746850 0.026455 0.060381
3700.000000 4.255728 1.857204 2.857932 1.954415 0.565241 0.744210 0.024970 0.056959
3800.000000 4.312740 1.908123 2.912177 2.007497 0.557240 0.741344 0.023602 0.053712
3900.000000 4.366148 1.959232 2.966068 2.060775 0.549386 0.738960 0.022339 0.050622
4000.000000 4.420647 2.010362 3.019297 2.114208 0.541632 0.736393 0.021142 0.047806
4100.000000 4.476525 2.061237 3.074108 2.167265 0.533981 0.734007 0.019969 0.045046
4200.000000 4.532096 2.112148 3.127939 2.220218 0.526441 0.731417 0.018896 0.042518
4300.000000 4.582967 2.162732 3.181806 2.272902 0.519038 0.728969 0.017942 0.040081
4400.000000 4.637325 2.213412 3.235049 2.325683 0.511722 0.726621 0.017015 0.037817
4500.000000 4.691629 2.264091 3.288199 2.378324 0.504507 0.724399 0.016132 0.035711
4600.000000 4.743156 2.314864 3.341727 2.431146 0.497385 0.722143 0.015280 0.033689
4700.000000 4.798162 2.365397 3.395605 2.483769 0.490363 0.719842 0.014439 0.031791
4800.000000 4.852257 2.415792 3.449129 2.536174 0.483441 0.717440 0.013665 0.029983
4900.000000 4.907264 2.466200 3.503299 2.588538 0.476630 0.715350 0.012936 0.028290
5000.000000 4.962980 2.516448 3.558401 2.640554 0.469909 0.713065 0.012222 0.026652
5100.000000 5.018847 2.566622 3.614003 2.692505 0.463287 0.711141 0.011553 0.025133
5200.000000 5.071098 2.616688 3.667218 2.744403 0.456760 0.709326 0.010961 0.023735
5300.000000 5.123873 2.666748 3.720584 2.796298 0.450321 0.707309 0.010387 0.022425
5400.000000 5.178422 2.716650 3.775592 2.847911 0.443974 0.705362 0.009839 0.021146
5500.000000 5.233404 2.766453 3.830757 2.899520 0.437697 0.703346 0.009322 0.019953
5600.000000 5.288132 2.816163 3.884870 2.951070 0.431536 0.701264 0.008808 0.018810
5700.000000 5.342606 2.866007 3.937643 3.002640 0.425469 0.699471 0.008344 0.017785
5800.000000 5.396555 2.916078 3.992043 3.054441 0.419484 0.697545 0.007884 0.016749
5900.000000 5.450864 2.966250 4.045723 3.106204 0.413590 0.695762 0.007486 0.015851
6000.000000 5.500964 3.015930 4.097504 3.157648 0.407764 0.693960 0.007074 0.014951
6100.000000 5.553708 3.065875 4.152217 3.209264 0.402028 0.691999 0.006687 0.014089
6200.000000 5.604293 3.115862 4.205226 3.260856 0.396371 0.690272 0.006366 0.013312
6300.000000 5.656807 3.165766 4.260101 3.312354 0.390801 0.688548 0.006024 0.012552
6400.000000 5.706759 3.215842 4.312086 3.364156 0.385293 0.686668 0.005714 0.011869
6500.000000 5.756647 3.266145 4.364380 3.415936 0.379879 0.685408 0.005419 0.011195
6600.000000 5.807210 3.316270 4.417447 3.467487 0.374554 0.684100 0.005136 0.010589
6700.000000 5.858296 3.366153 4.470604 3.518592 0.369287 0.682437 0.004859 0.009978
6800.000000 5.910611 3.416120 4.523928 3.569964 0.364102 0.680924 0.004615 0.009430
6900.000000 5.961375 3.466467 4.576930 3.621663 0.358987 0.679047 0.004384 0.008918
7000.000000 6.015163 3.516779 4.631260 3.673181 0.353945 0.677164 0.004155 0.008425
7100.000000 6.067134 3.567098 4.685011 3.724674 0.348981 0.675289 0.003943 0.007949
7200.000000 6.116038 3.617565 4.735493 3.776104 0.344096 0.673795 0.003757 0.007516
7300.000000 6.166583 3.667470 4.789321 3.826968 0.339292 0.672151 0.003562 0.007092
7400.000000 6.218192 3.717491 4.844055 3.877995 0.334544 0.670657 0.003393 0.006718
7500.000000 6.268469 3.767357 4.896977 3.928690 0.329855 0.668947 0.003228 0.006349
7600.000000 6.323166 3.817334 4.949827 3.979913 0.325253 0.667084 0.003058 0.006003
7700.000000 6.374457 3.867701 5.002283 4.031335 0.320703 0.665164 0.002911 0.005684
7800.000000 6.426715 3.917812 5.054730 4.082740 0.316228 0.663337 0.002767 0.005374
7900.000000 6.478130 3.967811 5.107949 4.133992 0.311820 0.661604 0.002638 0.005081
8000.000000 6.528318 4.017549 5.159213 4.184802 0.307481 0.659782 0.002509 0.004803
8100.000000 6.579113 4.067750 5.211548 4.236001 0.303195 0.658258 0.002390 0.004551
8200.000000 6.629739 4.117857 5.265526 4.287575 0.298968 0.656370 0.002262 0.004303
8300.000000 6.681727 4.167397 5.320127 4.338247 0.294806 0.654947 0.002151 0.004066
8400.000000 6.734716 4.217137 5.372529 4.389293 0.290699 0.653406 0.002058 0.003853
8500.000000 6.787722 4.266926 5.424640 4.440632 0.286643 0.651131 0.001954 0.003647
8600.000000 6.838882 4.317142 5.477081 4.491788 0.282637 0.649418 0.001851 0.003442
8700.000000 6.886067 4.367195 5.527596 4.542801 0.278695 0.647514 0.001766 0.003271
8800.000000 6.934179 4.417283 5.578601 4.594029 0.274800 0.645871 0.001688 0.003098
8900.000000 6.982224 4.467194 5.628937 4.645166 0.270957 0.644336 0.001611 0.002942
9000.000000 7.027618 4.517369 5.680675 4.696402 0.267170 0.643008 0.001538 0.002778
9100.000000 7.075484 4.567482 5.732556 4.747758 0.263432 0.641824 0.001470 0.002633
9200.000000 7.125168 4.617706 5.785221 4.799101 0.259732 0.640685 0.001400 0.002497
9300.000000 7.178125 4.668205 5.840279 4.850857 0.256095 0.639431 0.001327 0.002355
9400.000000 7.228125 4.718605 5.892562 4.902671 0.252507 0.638033 0.001266 0.002235
9500.000000 7.278100 4.768829 5.943679 4.954240 0.248971 0.636681 0.001211 0.002119
9600.000000 7.326953 4.819033 5.994975 5.005835 0.245487 0.635132 0.001151 0.002014
9700.000000 7.376492 4.869049 6.048237 5.057109 0.242048 0.633686 0.001099 0.001909
9800.000000 7.428621 4.919042 6.100099 5.108270 0.238657 0.632243 0.001048 0.001808
9900.000000 7.478520 4.969301 6.149882 5.159655 0.235321 0.630940 0.000997 0.001719
10000.000000 7.528507 5.019061 6.200780 5.210564 0.232030 0.629687 0.000952 0.001629
10100.000000 7.580859 5.069105 6.252033 5.261619 0.228796 0.628256 0.000904 0.001544
10200.000000 7.632559 5.119349 6.302555 5.312276 0.225592 0.626875 0.000861 0.001465
10300.000000 7.683808 5.169855 6.356199 5.363346 0.222438 0.625489 0.000820 0.001389
10400.000000 7.737264 5.220833 6.410160 5.415155 0.219334 0.624029 0.000778 0.001320
10500.000000 7.784083 5.271218 6.458974 5.465986 0.216276 0.622518 0.000740 0.001251
10600.000000 7.832781 5.321919 6.509887 5.517130 0.213271 0.621128 0.000706 0.001186
10700.000000 7.880956 5.372590 6.562136 5.568090 0.210318 0.619827 0.000673 0.001124
10800.000000 7.926616 5.422928 6.613102 5.618902 0.207404 0.618726 0.000641 0.001065
10900.000000 7.974699 5.472714 6.664929 5.669230 0.204520 0.617700 0.000612 0.001013
11000.000000 8.020863 5.522489 6.717955 5.719742 0.201675 0.616430 0.000588 0.000962
11100.000000 8.069691 5.572817 6.771157 5.770675 0.198867 0.615246 0.000562 0.000913
11200.000000 8.117879 5.623242 6.822244 5.821769 0.196099 0.614164 0.000536 0.000867
11300.000000 8.168444 5.673374 6.876397 5.872029 0.193382 0.613130 0.000513 0.000825
11400.000000 8.220556 5.723623 6.930167 5.922837 0.190698 0.611986 0.000489 0.000784
11500.000000 8.267070 5.773593 6.979580 5.973168 0.188059 0.610892 0.000467 0.000745
11600.000000 8.314763 5.823012 7.033563 6.022905 0.185451 0.609735 0.000447 0.000707
11700.000000 8.359520 5.873093 7.082743 6.073229 0.182879 0.608865 0.000427 0.000673
11800.000000 8.405698 5.922625 7.133787 6.123228 0.180336 0.607768 0.000412 0.000642
11900.000000 8.456496 5.971956 7.186799 6.172921 0.177831 0.606501 0.000391 0.000609
12000.000000 8.505120 6.021302 7.238922 6.222850 0.175357 0.605507 0.000376 0.000581
12100.000000 8.555720 6.070573 7.289510 6.272150 0.172924 0.604582 0.000356 0.000550
12200.000000 8.605955 6.119719 7.340700 6.321696 0.170523 0.603316 0.000341 0.000525
12300.000000 8.656239 6.168947 7.394007 6.371471 0.168154 0.602178 0.000328 0.000500
12400.000000 8.706752 6.218131 7.448970 6.420741 0.165814 0.601411 0.000314 0.000476
12500.000000 8.755647 6.266726 7.498973 6.469988 0.163500 0.600811 0.000301 0.000454
12600.000000 8.804161 6.315095 7.549094 6.518993 0.161227 0.600015 0.000287 0.000429
12700.000000 8.852606 6.362883 7.600325 6.567507 0.158987 0.599129 0.000275 0.000409
12800.000000 8.901556 6.410806 7.652640 6.615807 0.156781 0.598288 0.000262 0.000388
12900.000000 8.954569 6.458679 7.708319 6.663925 0.154606 0.597301 0.000249 0.000368
13000.000000 9.004242 6.506785 7.761466 6.712242 0.152465 0.596317 0.000238 0.000352
13100.000000 9.052645 6.555541 7.812935 6.760566 0.150346 0.595512 0.000231 0.000337
13200.000000 9.099087 6.604183 7.866994 6.809070 0.148261 0.594942 0.000222 0.000323
13300.000000 9.148698 6.652704 7.922917 6.857736 0.146207 0.594586 0.000214 0.000307
13400.000000 9.197391 6.700946 7.977043 6.905930 0.144179 0.593750 0.000204 0.000292
13500.000000 9.241451 6.749269 8.026644 6.954036 0.142175 0.593083 0.000199 0.000280
13600.000000 9.286254 6.797512 8.077159 7.002239 0.140188 0.592569 0.000192 0.000269
13700.000000 9.334660 6.846393 8.132864 7.051259 0.138229 0.592041 0.000183 0.000256
13800.000000 9.377777 6.895935 8.181966 7.100781 0.136307 0.591637 0.000177 0.000245
13900.000000 9.426814 6.945065 8.236965 7.149914 0.134405 0.590899 0.000169 0.000233
14000.000000 9.476310 6.995142 8.293157 7.200370 0.132532 0.590371 0.000162 0.000223
14100.000000 9.524715 7.044481 8.342986 7.249725 0.130700 0.589626 0.000157 0.000212
14200.000000 9.573097 7.094202 8.396142 7.299210 0.128887 0.588953 0.000150 0.000204
14300.000000 9.616410 7.143387 8.449688 7.348222 0.127099 0.588688 0.000144 0.000195
14400.000000 9.663821 7.193098 8.502984 7.397778 0.125329 0.588516 0.000139 0.000186
14500.000000 9.712190 7.242434 8.558097 7.446861 0.123583 0.588270 0.000135 0.000178
14600.000000 9.759560 7.291564 8.612145 7.495443 0.121857 0.587954 0.000128 0.000170
14700.000000 9.804681 7.341034 8.664103 7.544652 0.120159 0.587576 0.000125 0.000165
14800.000000 9.850197 7.389765 8.715662 7.593148 0.118482 0.587234 0.000120 0.000158
14900.000000 9.896859 7.438209 8.769678 7.641281 0.116820 0.586957 0.000116 0.000151
15000.000000 9.945609 7.486323 8.824397 7.689060 0.115187 0.586646 0.000113 0.000145
15100.000000 9.989095 7.535451 8.874512 7.738158 0.113579 0.586119 0.000109 0.000140
15200.000000 10.036782 7.584818 8.926547 7.787485 0.111990 0.585757 0.000107 0.000133
15300.000000 10.090495 7.632654 8.981583 7.835591 0.110422 0.585176 0.000103 0.000129
15400.000000 10.138712 7.681436 9.032779 7.884899 0.108886 0.584503 0.000100 0.000125
15500.000000 10.189558 7.729718 9.086941 7.933210 0.107370 0.584054 0.000097 0.000120
15600.000000 10.234039 7.778305 9.135827 7.982145 0.105868 0.583540 0.000094 0.000116
15700.000000 10.280325 7.825862 9.187230 8.029950 0.104388 0.583227 0.000091 0.000110
15800.000000 10.324189 7.873805 9.237589 8.078532 0.102927 0.582789 0.000088 0.000107
15900.000000 10.368650 7.921909 9.286831 8.126544 0.101486 0.582461 0.000086 0.000103
16000.000000 10.420183 7.970141 9.342394 8.175311 0.100061 0.581684 0.000082 0.000099
16100.000000 10.470627 8.020070 9.395013 8.225343 0.098655 0.580987 0.000080 0.000095
16200.000000 10.518940 8.070278 9.445415 8.276019 0.097274 0.580038 0.000078 0.000092
16300.000000 10.569531 8.121326 9.495523 8.328045 0.095907 0.578858 0.000076 0.000089
16400.000000 10.618287 8.169886 9.548074 8.377230 0.094562 0.577907 0.000073 0.000085
16500.000000 10.665026 8.219389 9.599397 8.427809 0.093238 0.576653 0.000071 0.000082
16600.000000 10.712657 8.268916 9.650529 8.477237 0.091933 0.575518 0.000067 0.000079
16700.000000 10.766161 8.318192 9.705086 8.527606 0.090634 0.574501 0.000066 0.000077
16800.000000 10.815120 8.367495 9.755857 8.577406 0.089357 0.573693 0.000064 0.000075
16900.000000 10.864772 8.416761 9.807426 8.627318 0.088107 0.572421 0.000062 0.000072
17000.000000 10.916939 8.464561 9.860973 8.676043 0.086869 0.571428 0.000060 0.000070
17100.000000 10.967422 8.514244 9.914322 8.726167 0.085647 0.570657 0.000059 0.000068
17200.000000 11.022803 8.563608 9.971833 8.776094 0.084445 0.569896 0.000057 0.000067
17300.000000 11.072021 8.613544 10.021500 8.826048 0.083264 0.568848 0.000055 0.000065
17400.000000 11.122995 8.663246 10.075945 8.875434 0.082093 0.568047 0.000053 0.000062
17500.000000 11.172429 8.712325 10.123455 8.925015 0.080942 0.566891 0.000052 0.000061
17600.000000 11.226847 8.761833 10.179560 8.974299 0.079817 0.565794 0.000050 0.000059
17700.000000 11.284692 8.811223 10.235784 9.023562 0.078704 0.564865 0.000049 0.000057
17800.000000 11.330543 8.860450 10.284783 9.072678 0.077612 0.563757 0.000047 0.000056
17900.000000 11.380314 8.909161 10.336078 9.120999 0.076531 0.562803 0.000047 0.000054
18000.000000 11.429951 8.957871 10.389265 9.170277 0.075471 0.562021 0.000046 0.000052
18100.000000 11.477804 9.007647 10.442102 9.220959 0.074430 0.560958 0.000044 0.000051
18200.000000 11.525559 9.057949 10.494553 9.272095 0.073399 0.559908 0.000043 0.000050
18300.000000 11.574853 9.106874 10.545263 9.321524 0.072375 0.559088 0.000042 0.000049
18400.000000 11.626554 9.156787 10.595829 9.372749 0.071368 0.558135 0.000042 0.000047
18500.000000 11.676798 9.207538 10.645779 9.424645 0.070379 0.557251 0.000041 0.000046
18600.000000 11.733908 9.259032 10.700295 9.476358 0.069406 0.556440 0.000040 0.000045
18700.000000 11.785532 9.310227 10.750875 9.528320 0.068448 0.555708 0.000039 0.000044
18800.000000 11.836043 9.361620 10.802119 9.580526 0.067500 0.554716 0.000039 0.000043
18900.000000 11.887754 9.412309 10.852906 9.631503 0.066567 0.554048 0.000038 0.000042
19000.000000 11.946393 9.461834 10.909196 9.681892 0.065645 0.553213 0.000036 0.000041
19100.000000 12.000220 9.512272 10.961054 9.733742 0.064745 0.552373 0.000036 0.000039
19200.000000 12.053175 9.561888 11.012701 9.784080 0.063845 0.551757 0.000035 0.000039
19300.000000 12.107995 9.613098 11.066081 9.836213 0.062961 0.550938 0.000034 0.000038
19400.000000 12.155665 9.664449 11.117338 9.889788 0.062095 0.550077 0.000034 0.000037
19500.000000 12.209780 9.715679 11.169692 9.942036 0.061236 0.549201 0.000033 0.000036
19600.000000 12.267165 9.767130 11.225965 9.994441 0.060390 0.547816 0.000033 0.000035
19700.000000 12.319200 9.817848 11.275726 10.045983 0.059559 0.546829 0.000032 0.000035
19800.000000 12.370327 9.869931 11.325167 10.099607 0.058735 0.545904 0.000031 0.000034
19900.000000 12.418543 9.920569 11.375383 10.151105 0.057927 0.544953 0.000031 0.000033
20000.000000 12.474508 9.973381 11.433241 10.204959 0.057127 0.544050 0.000030 0.000032
20100.000000 12.516552 10.027031 11.478076 10.259977 0.056341 0.543096 0.000029 0.000032
20200.000000 12.578461 10.080838 11.536115 10.314948 0.055563 0.542103 0.000029 0.000031
20300.000000 12.623693 10.135853 11.586437 10.370187 0.054796 0.541460 0.000028 0.000030
20400.000000 12.669556 10.190649 11.633850 10.425043 0.054041 0.540294 0.000028 0.000030
20500.000000 12.723890 10.246167 11.685449 10.481561 0.053302 0.539251 0.000027 0.000029
20600.000000 12.766499 10.299445 11.732014 10.535259 0.052566 0.538447 0.000027 0.000029
20700.000000 12.817274 10.353385 11.784895 10.589409 0.051847 0.537277 0.000026 0.000028
20800.000000 12.869418 10.407809 11.838186 10.643974 0.051133 0.536452 0.000025 0.000027
20900.000000 12.917528 10.460855 11.888478 10.697749 0.050429 0.535525 0.000025 0.000027
21000.000000 12.963992 10.512811 11.941961 10.749874 0.049737 0.535078 0.000025 0.000026
21100.000000 13.018832 10.564320 11.998297 10.801374 0.049051 0.534011 0.000024 0.000026
21200.000000 13.065397 10.615670 12.044470 10.852876 0.048376 0.532900 0.000024 0.000025
21300.000000 13.123770 10.668167 12.104810 10.906478 0.047708 0.532202 0.000023 0.000025
21400.000000 13.179120 10.719571 12.163061 10.957897 0.047051 0.531330 0.000023 0.000025
21500.000000 13.236017 10.771073 12.215863 11.009585 0.046400 0.530670 0.000023 0.000024
21600.000000 13.285601 10.823003 12.264184 11.062450 0.045762 0.529759 0.000022 0.000023
21700.000000 13.338318 10.875245 12.316040 11.114287 0.045136 0.528493 0.000022 0.000023
21800.000000 13.392647 10.927688 12.368202 11.167849 0.044514 0.527682 0.000022 0.000023
21900.000000 13.441580 10.979995 12.415003 11.220026 0.043901 0.526526 0.000021 0.000022
22000.000000 13.490689 11.031821 12.460423 11.270982 0.043295 0.525116 0.000021 0.000021
22100.000000 13.540569 11.083560 12.507021 11.322080 0.042700 0.524220 0.000021 0.000021
22200.000000 13.586910 11.135303 12.555822 11.373394 0.042108 0.523146 0.000020 0.000021
22300.000000 13.639605 11.186756 12.603907 11.424333 0.041525 0.522018 0.000020 0.000020
22400.000000 13.695374 11.238717 12.655135 11.475720 0.040950 0.520743 0.000020 0.000020
22500.000000 13.748200 11.289462 12.707398 11.524819 0.040382 0.519398 0.000019 0.000020
22600.000000 13.800474 11.343280 12.755577 11.576519 0.039819 0.518343 0.000019 0.000020
22700.000000 13.854670 11.395790 12.801052 11.628107 0.039269 0.517245 0.000019 0.000019
22800.000000 13.913236 11.448895 12.854572 11.679964 0.038725 0.516087 0.000018 0.000019
22900.000000 13.972266 11.500521 12.908483 11.730498 0.038188 0.514635 0.000018 0.000019
23000.000000 14.024904 11.553481 12.959754 11.780751 0.037659 0.513198 0.000018 0.000018
23100.000000 14.076645 11.606766 13.009477 11.833207 0.037137 0.512164 0.000017 0.000018
23200.000000 14.128857 11.657941 13.057516 11.883229 0.036618 0.511380 0.000017 0.000018
23300.000000 14.180080 11.710296 13.110647 11.935101 0.036109 0.510124 0.000017 0.000017
23400.000000 14.233359 11.761625 13.158097 11.985698 0.035607 0.509016 0.000016 0.000017
23500.000000 14.286703 11.811019 13.208949 12.033893 0.035112 0.507882 0.000016 0.000017
23600.000000 14.338984 11.861729 13.259244 12.084078 0.034624 0.506568 0.000016 0.000017
23700.000000 14.391004 11.913680 13.306489 12.134585 0.034141 0.505303 0.000016 0.000016
23800.000000 14.449645 11.964716 13.358678 12.184148 0.033665 0.504002 0.000016 0.000016
23900.000000 14.506034 12.017410 13.409822 12.236261 0.033196 0.502635 0.000015 0.000016
24000.000000 14.564065 12.067580 13.460478 12.286146 0.032731 0.501336 0.000015 0.000016
24100.000000 14.621068 12.115963 13.509240 12.334241 0.032273 0.499928 0.000015 0.000015
24200.000000 14.669265 12.168068 13.555143 12.386222 0.031827 0.498572 0.000015 0.000015
24300.000000 14.731842 12.215416 13.603128 12.432922 0.031385 0.497325 0.000015 0.000015
24400.000000 14.786548 12.264909 13.653869 12.481741 0.030951 0.496270 0.000014 0.000015
24500.000000 14.843255 12.317641 13.703412 12.533975 0.030526 0.494792 0.000014 0.000014
24600.000000 14.894461 12.367899 13.748249 12.582666 0.030110 0.493406 0.000014 0.000014
24700.000000 14.954705 12.418491 13.798064 12.631247 0.029700 0.492163 0.000014 0.000014
24800.000000 15.008674 12.467147 13.849013 12.678595 0.029300 0.490628 0.000014 0.000014
24900.000000 15.066222 12.516324 13.903118 12.727464 0.028903 0.489037 0.000013 0.000013
25000.000000 15.115554 12.565807 13.949216 12.777846 0.028505 0.487520 0.000013 0.000013
25100.000000 15.167209 12.613951 13.999715 12.826004 0.028115 0.485982 0.000013 0.000013
25200.000000 15.218606 12.662993 14.054144 12.874329 0.027733 0.484626 0.000013 0.000013
25300.000000 15.268603 12.713034 14.103175 12.923522 0.027353 0.482859 0.000013 0.000013
25400.000000 15.316753 12.763247 14.145686 12.972808 0.026978 0.481295 0.000013 0.000013
25500.000000 15.375352 12.811975 14.199414 13.020523 0.026606 0.479794 0.000012 0.000012
25600.000000 15.429931 12.860351 14.250808 13.068648 0.026245 0.478373 0.000012 0.000012
25700.000000 15.482636 12.907527 14.301139 13.114665 0.025889 0.476941 0.000012 0.000012
25800.000000 15.530953 12.956157 14.347764 13.161594 0.025539 0.475791 0.000012 0.000012
25900.000000 15.577124 13.005737 14.392690 13.210255 0.025191 0.474548 0.000012 0.000012
26000.000000 15.644679 13.053795 14.448297 13.257443 0.024847 0.473544 0.000012 0.000012
26100.000000 15.697431 13.103123 14.499519 13.304556 0.024508 0.472628 0.000011 0.000011
26200.000000 15.751305 13.149801 14.548461 13.349466 0.024173 0.471511 0.000011 0.000011
26300.000000 15.800044 13.197439 14.599507 13.396304 0.023847 0.470612 0.000011 0.000011
26400.000000 15.854486 13.242614 14.650156 13.439833 0.023523 0.469379 0.000011 0.000011
26500.000000 15.906240 13.287176 14.692264 13.482373 0.023206 0.468197 0.000011 0.000011
26600.000000 15.964985 13.334076 14.749509 13.528219 0.022894 0.466887 0.000011 0.000011
26700.000000 16.005365 13.381793 14.795376 13.573131 0.022581 0.465652 0.000011 0.000011
26800.000000 16.056433 13.428321 14.843342 13.617203 0.022272 0.464407 0.000010 0.000010
26900.000000 16.108652 13.477547 14.893885 13.663184 0.021969 0.463122 0.000010 0.000010
27000.000000 16.165916 13.524928 14.944261 13.706233 0.021666 0.461718 0.000010 0.000010
27100.000000 16.224148 13.573462 14.995952 13.750452 0.021372 0.460485 0.000010 0.000010
27200.000000 16.258925 13.621984 15.030650 13.794423 0.021081 0.459283 0.000010 0.000010
27300.000000 16.305736 13.668657 15.077258 13.838724 0.020796 0.458096 0.000009 0.000010
27400.000000 16.364288 13.717550 15.135133 13.885170 0.020511 0.456755 0.000009 0.000009
27500.000000 16.413453 13.771242 15.191126 13.935820 0.020232 0.455880 0.000009 0.000009
27600.000000 16.459957 13.825785 15.237095 13.987202 0.019958 0.455025 0.000009 0.000009
27700.000000 16.511755 13.879406 15.288195 14.038989 0.019689 0.453936 0.000009 0.000009
27800.000000 16.563127 13.933971 15.337898 14.089320 0.019424 0.452787 0.000009 0.000009
27900.000000 16.615403 13.990529 15.392659 14.141579 0.019160 0.451411 0.000009 0.000009
28000.000000 16.665022 14.047814 15.447336 14.194813 0.018902 0.450127 0.000009 0.000009
28100.000000 16.707308 14.106875 15.496936 14.250486 0.018647 0.449016 0.000008 0.000008
28200.000000 16.759988 14.167093 15.550384 14.306606 0.018397 0.447895 0.000008 0.000008
28300.000000 16.801234 14.228552 15.597549 14.366088 0.018151 0.446784 0.000008 0.000008
28400.000000 16.848455 14.292452 15.645248 14.427744 0.017906 0.445844 0.000008 0.000008
28500.000000 16.890323 14.353523 15.696870 14.485877 0.017662 0.445076 0.000008 0.000008
28600.000000 16.942709 14.413722 15.753868 14.543982 0.017424 0.444371 0.000008 0.000008
28700.000000 16.982232 14.472109 15.799777 14.601052 0.017193 0.443058 0.000008 0.000008
28800.000000 17.031250 14.531990 15.860366 14.659971 0.016959 0.441986 0.000008 0.000008
28900.000000 17.078794 14.593203 15.917015 14.719120 0.016731 0.440810 0.000008 0.000008
29000.000000 17.103193 14.652686 15.955515 14.776895 0.016507 0.439716 0.000007 0.000007
29100.000000 17.145688 14.715719 16.012440 14.838213 0.016283 0.438551 0.000007 0.000007
29200.000000 17.209091 14.775335 16.072745 14.896679 0.016060 0.437579 0.000007 0.000007
29300.000000 17.256437 14.836776 16.122982 14.958090 0.015840 0.436466 0.000007 0.000007
29400.000000 17.312279 14.894928 16.180943 15.013110 0.015623 0.435459 0.000007 0.000007
29500.000000 17.353765 14.950110 16.230506 15.065125 0.015412 0.434553 0.000007 0.000007
29600.000000 17.403244 15.007043 16.285848 15.120268 0.015203 0.433655 0.000007 0.000007
29700.000000 17.456685 15.062615 16.340200 15.174442 0.014994 0.432680 0.000007 0.000007
29800.000000 17.482256 15.124210 16.379951 15.234537 0.014789 0.431343 0.000007 0.000007
29900.000000 17.524978 15.183219 16.438026 15.292630 0.014587 0.430214 0.000007 0.000007
30000.000000 17.561023 15.243170 16.478725 15.351780 0.014385 0.429417 0.000007 0.000007
30100.000000 17.624532 15.301044 16.545501 15.408539 0.014185 0.428345 0.000006 0.000006
30200.000000 17.665187 15.358611 16.593823 15.464112 0.013989 0.427832 0.000006 0.000006
30300.000000 17.703963 15.414538 16.641807 15.516076 0.013793 0.427337 0.000006 0.000006
30400.000000 17.753544 15.472346 16.695386 15.569476 0.013601 0.426358 0.000006 0.000006
30500.000000 17.779300 15.533164 16.730121 15.627681 0.013409 0.425596 0.000006 0.000006
30600.000000 17.827526 15.591286 16.781919 15.683866 0.013219 0.425018 0.000006 0.000006
30700.000000 17.878846 15.651999 16.847252 15.740620 0.013035 0.424635 0.000006 0.000006
30800.000000 17.923732 15.714650 16.895088 15.800765 0.012850 0.423902 0.000006 0.000006
30900.000000 17.966401 15.776722 16.944158 15.860109 0.012665 0.423453 0.000006 0.000006
31000.000000 18.021209 15.838710 16.994313 15.918416 0.012483 0.422474 0.000006 0.000006
31100.000000 18.072995 15.903296 17.038252 15.980548 0.012306 0.421487 0.000006 0.000006
31200.000000 18.130396 15.963349 17.088748 16.037217 0.012129 0.420754 0.000005 0.000005
31300.000000 18.166911 16.026079 17.130825 16.098697 0.011957 0.419870 0.000005 0.000005
31400.000000 18.226288 16.088564 17.191563 16.161190 0.011786 0.418987 0.000005 0.000005
31500.000000 18.284041 16.151098 17.254791 16.224464 0.011616 0.418519 0.000005 0.000005
31600.000000 18.323053 16.210553 17.297922 16.284872 0.011450 0.417840 0.000005 0.000005
31700.000000 18.364111 16.272072 17.342994 16.348355 0.011285 0.417558 0.000005 0.000005
31800.000000 18.403625 16.332350 17.391737 16.409327 0.011123 0.417163 0.000005 0.000005
31900.000000 18.440672 16.397394 17.439908 16.474502 0.010964 0.416722 0.000005 0.000005
32000.000000 18.475789 16.459525 17.479966 16.536844 0.010808 0.416441 0.000005 0.000005
32100.000000 18.524892 16.521374 17.529713 16.597636 0.010659 0.415735 0.000005 0.000005
32200.000000 18.572037 16.588483 17.578511 16.664569 0.010507 0.415025 0.000005 0.000005
32300.000000 18.617847 16.649693 17.626680 16.726758 0.010358 0.414464 0.000005 0.000005
32400.000000 18.658043 16.710230 17.667155 16.789597 0.010211 0.413681 0.000005 0.000005
32500.000000 18.693099 16.770241 17.709907 16.849785 0.010067 0.413031 0.000005 0.000005
32600.000000 18.716869 16.833006 17.741354 16.913831 0.009924 0.412891 0.000005 0.000004
32700.000000 18.729937 16.902568 17.762078 16.986558 0.009782 0.412367 0.000005 0.000004
32800.000000 18.769560 16.973384 17.798188 17.059823 0.009639 0.411930 0.000004 0.000004
32900.000000 18.808578 17.045197 17.841614 17.131648 0.009500 0.411482 0.000004 0.000004
33000.000000 18.854352 17.117059 17.897167 17.207332 0.009364 0.411018 0.000004 0.000004
33100.000000 18.878257 17.187190 17.926627 17.280192 0.009230 0.410785 0.000004 0.000004
33200.000000 18.908138 17.258886 17.962428 17.352666 0.009098 0.410244 0.000004 0.000004
33300.000000 18.935186 17.332458 17.989747 17.426862 0.008968 0.409893 0.000004 0.000004
33400.000000 18.976953 17.400759 18.035993 17.496438 0.008840 0.409649 0.000004 0.000004
33500.000000 19.016958 17.469281 18.074423 17.564610 0.008716 0.409162 0.000004 0.000004
33600.000000 19.077170 17.546661 18.134743 17.641349 0.008592 0.408737 0.000004 0.000004
33700.000000 19.128850 17.620918 18.196126 17.716857 0.008473 0.408614 0.000004 0.000004
33800.000000 19.166012 17.687967 18.238095 17.788977 0.008356 0.408333 0.000004 0.000004
33900.000000 19.211598 17.755053 18.297726 17.857636 0.008238 0.407946 0.000004 0.000004
34000.000000 19.236135 17.820844 18.340573 17.926180 0.008123 0.407785 0.000004 0.000004
34100.000000 19.258523 17.887581 18.364491 17.994976 0.008008 0.407447 0.000004 0.000004
34200.000000 19.332199 17.958334 18.447067 18.069584 0.007897 0.407157 0.000004 0.000004
34300.000000 19.387745 18.028351 18.505153 18.142473 0.007785 0.407016 0.000004 0.000004
34400.000000 19.420812 18.103203 18.532292 18.218873 0.007677 0.406787 0.000004 0.000003
34500.000000 19.482826 18.171512 18.595981 18.288634 0.007570 0.406582 0.000004 0.000003
34600.000000 19.544228 18.233653 18.655954 18.353805 0.007465 0.406621 0.000003 0.000003
34700.000000 19.583409 18.299563 18.704213 18.423928 0.007360 0.406530 0.000003 0.000003
34800.000000 19.639542 18.366533 18.748521 18.493295 0.007258 0.406218 0.000003 0.000003
34900.000000 19.681145 18.433906 18.794610 18.561732 0.007156 0.405766 0.000003 0.000003
35000.000000 19.734136 18.504691 18.838042 18.634693 0.007057 0.405309 0.000003 0.000003
35100.000000 19.775338 18.572191 18.877979 18.703496 0.006959 0.404683 0.000003 0.000003
35200.000000 19.802264 18.642736 18.909129 18.777680 0.006864 0.404331 0.000003 0.000003
35300.000000 19.854578 18.712003 18.968366 18.851408 0.006769 0.404068 0.000003 0.000003
35400.000000 19.920526 18.774745 19.024479 18.920643 0.006675 0.403788 0.000003 0.000003
35500.000000 19.966296 18.834020 19.076351 18.983313 0.006583 0.403620 0.000003 0.000003
35600.000000 20.002041 18.889707 19.110750 19.044283 0.006492 0.403452 0.000003 0.000003
35700.000000 20.057242 18.947275 19.175835 19.105536 0.006401 0.403550 0.000003 0.000003
35800.000000 20.110241 19.002001 19.233352 19.162472 0.006312 0.403508 0.000003 0.000003
35900.000000 20.173160 19.055334 19.297619 19.214618 0.006226 0.403402 0.000003 0.000003
36000.000000 20.214095 19.113592 19.359760 19.272334 0.006139 0.403246 0.000003 0.000003
36100.000000 20.253339 19.170391 19.400397 19.327560 0.006053 0.403215 0.000003 0.000003
36200.000000 20.310287 19.230147 19.465091 19.385175 0.005967 0.403407 0.000003 0.000003
36300.000000 20.376796 19.288243 19.533432 19.442995 0.005882 0.403272 0.000003 0.000003
36400.000000 20.442119 19.353066 19.598297 19.505251 0.005800 0.403299 0.000003 0.000003
36500.000000 20.491719 19.412082 19.634635 19.562338 0.005718 0.403581 0.000003 0.000003
36600.000000 20.563149 19.476682 19.706127 19.624302 0.005637 0.403787 0.000003 0.000003
36700.000000 20.603566 19.535109 19.735491 19.680143 0.005557 0.403717 0.000002 0.000003
36800.000000 20.667159 19.598319 19.793502 19.737711 0.005477 0.403944 0.000002 0.000003
36900.000000 20.724988 19.647759 19.849975 19.783492 0.005399 0.403846 0.000002 0.000002
37000.000000 20.766457 19.701312 19.892877 19.835557 0.005321 0.403733 0.000002 0.000002
37100.000000 20.815762 19.746319 19.940635 19.878799 0.005243 0.403464 0.000002 0.000002
37200.000000 20.843830 19.788653 19.958271 19.918528 0.005167 0.403745 0.000002 0.000002
37300.000000 20.902224 19.842618 20.009741 19.969390 0.005091 0.403752 0.000002 0.000002
37400.000000 20.965738 19.899082 20.081044 20.021755 0.005015 0.403803 0.000002 0.000002
37500.000000 21.009139 19.952621 20.135042 20.072491 0.004942 0.403759 0.000002 0.000002
37600.000000 21.069028 20.008490 20.218127 20.123122 0.004870 0.403614 0.000002 0.000002
37700.000000 21.083385 20.069715 20.238488 20.177457 0.004798 0.403540 0.000002 0.000002
37800.000000 21.128595 20.122636 20.283910 20.220087 0.004726 0.403549 0.000002 0.000002
37900.000000 21.167756 20.180090 20.325565 20.270736 0.004657 0.403260 0.000002 0.000002
38000.000000 21.183843 20.227064 20.364859 20.311686 0.004588 0.403378 0.000002 0.000002
38100.000000 21.175015 20.273872 20.369781 20.347548 0.004520 0.403339 0.000002 0.000002
38200.000000 21.181246 20.321304 20.382360 20.382833 0.004453 0.403133 0.000002 0.000002
38300.000000 21.178954 20.377163 20.403662 20.425914 0.004385 0.402653 0.000002 0.000002
38400.000000 21.196213 20.426916 20.438543 20.464646 0.004319 0.402263 0.000002 0.000002
38500.000000 21.237252 20.484577 20.493039 20.510560 0.004254 0.401838 0.000002 0.000002
38600.000000 21.245125 20.537024 20.501584 20.554709 0.004190 0.401381 0.000002 0.000002
38700.000000 21.285696 20.589708 20.542527 20.593433 0.004127 0.401108 0.000002 0.000002
38800.000000 21.316228 20.646165 20.570068 20.639937 0.004067 0.400544 0.000002 0.000002
38900.000000 21.351895 20.696395 20.597071 20.680016 0.004007 0.400042 0.000002 0.000002
39000.000000 21.382560 20.749258 20.613359 20.723708 0.003946 0.399800 0.000002 0.000002
39100.000000 21.442446 20.795832 20.665461 20.762390 0.003889 0.399218 0.000002 0.000002
39200.000000 21.479059 20.841709 20.711511 20.800321 0.003831 0.398653 0.000002 0.000002
39300.000000 21.521318 20.897438 20.746824 20.849773 0.003775 0.398129 0.000002 0.000002
39400.000000 21.520676 20.945625 20.740720 20.889545 0.003719 0.397566 0.000002 0.000002
39500.000000 21.562729 20.997997 20.760014 20.930405 0.003664 0.396782 0.000002 0.000002
39600.000000 21.596261 21.044086 20.771424 20.965987 0.003608 0.396108 0.000002 0.000002
39700.000000 21.636479 21.101318 20.803095 21.006830 0.003554 0.395473 0.000002 0.000002
39800.000000 21.668237 21.156686 20.828965 21.043527 0.003501 0.395274 0.000002 0.000002
39900.000000 21.744226 21.212742 20.883498 21.083663 0.003449 0.394719 0.000002 0.000002
40000.000000 21.785048 21.263167 20.902456 21.123078 0.003397 0.394179 0.000002 0.000002
40100.000000 21.838182 21.313500 20.935812 21.156409 0.003345 0.393635 0.000002 0.000002
40200.000000 21.900654 21.356751 20.985982 21.181628 0.003294 0.393093 0.000001 0.000001
40300.000000 21.927204 21.406484 20.992754 21.213765 0.003243 0.392698 0.000001 0.000001
40400.000000 21.960406 21.454220 21.010755 21.240027 0.003193 0.391913 0.000001 0.000001
40500.000000 22.011593 21.503614 21.048136 21.277770 0.003145 0.391184 0.000001 0.000001
40600.000000 22.070555 21.555577 21.095492 21.308485 0.003096 0.390593 0.000001 0.000001
40700.000000 22.132060 21.609616 21.147895 21.338715 0.003048 0.390013 0.000001 0.000001
40800.000000 22.176095 21.652164 21.189003 21.357354 0.003003 0.389309 0.000001 0.000001
40900.000000 22.261910 21.688679 21.251175 21.369688 0.002959 0.388868 0.000001 0.000001
41000.000000 22.298900 21.719728 21.257983 21.382688 0.002914 0.388309 0.000001 0.000001
41100.000000 22.332527 21.747497 21.280422 21.383865 0.002870 0.387745 0.000001 0.000001
41200.000000 22.383899 21.789897 21.329620 21.400792 0.002828 0.387675 0.000001 0.000001
41300.000000 22.430937 21.838122 21.360693 21.422841 0.002785 0.387339 0.000001 0.000001
41400.000000 22.488036 21.875264 21.390704 21.433570 0.002742 0.387106 0.000001 0.000001
41500.000000 22.549269 21.931923 21.438651 21.465720 0.002700 0.386657 0.000001 0.000001
41600.000000 22.573230 21.981354 21.436135 21.487492 0.002658 0.386235 0.000001 0.000001
41700.000000 22.604715 22.021319 21.443897 21.505210 0.002618 0.386112 0.000001 0.000001
41800.000000 22.657317 22.046394 21.485994 21.502879 0.002579 0.386150 0.000001 0.000001
41900.000000 22.656086 22.068098 21.471941 21.500097 0.002539 0.386153 0.000001 0.000001
42000.000000 22.687525 22.092216 21.486973 21.493867 0.002500 0.385766 0.000001 0.000001
42100.000000 22.721174 22.109215 21.498499 21.481883 0.002461 0.385614 0.000001 0.000001
42200.000000 22.778086 22.134137 21.529866 21.478333 0.002424 0.385177 0.000001 0.000001
42300.000000 22.825250 22.159274 21.553297 21.474499 0.002387 0.385237 0.000001 0.000001
42400.000000 22.907903 22.207572 21.633043 21.496065 0.002351 0.384996 0.000001 0.000001
42500.000000 22.971499 22.250960 21.680100 21.515230 0.002314 0.384928 0.000001 0.000001
42600.000000 23.092166 22.287474 21.787579 21.534597 0.002279 0.384556 0.000001 0.000001
42700.000000 23.167016 22.328543 21.849163 21.548200 0.002245 0.384197 0.000001 0.000001
42800.000000 23.237365 22.374685 21.918036 21.573624 0.002211 0.383781 0.000001 0.000001
42900.000000 23.273285 22.418137 21.951109 21.592198 0.002178 0.383807 0.000001 0.000001
43000.000000 23.326864 22.465855 22.000968 21.622335 0.002146 0.383951 0.000001 0.000001
43100.000000 23.382072 22.513037 22.058315 21.648133 0.002113 0.384165 0.000001 0.000001
43200.000000 23.398191 22.548088 22.082019 21.659796 0.002082 0.384562 0.000001 0.000001
43300.000000 23.459713 22.603386 22.137780 21.695652 0.002051 0.384930 0.000001 0.000001
43400.000000 23.503433 22.643139 22.170810 21.712622 0.002021 0.385041 0.000001 0.000001
43500.000000 23.554553 22.686541 22.217167 21.730385 0.001992 0.384850 0.000001 0.000001
43600.000000 23.581026 22.739033 22.229172 21.761514 0.001963 0.384453 0.000001 0.000001
43700.000000 23.645732 22.775487 22.277538 21.774392 0.001934 0.384115 0.000001 0.000001
43800.000000 23.667397 22.807190 22.301746 21.786246 0.001906 0.383687 0.000001 0.000001
43900.000000 23.700123 22.844878 22.336379 21.803526 0.001878 0.383469 0.000001 0.000001
44000.000000 23.763288 22.884418 22.383591 21.819017 0.001850 0.382919 0.000001 0.000001
44100.000000 23.847485 22.920261 22.458906 21.833667 0.001823 0.382393 0.000001 0.000001
44200.000000 23.864040 22.967654 22.482747 21.864944 0.001796 0.382141 0.000001 0.000001
44300.000000 23.859168 23.025650 22.478995 21.898857 0.001770 0.381702 0.000001 0.000001
44400.000000 23.886880 23.076506 22.505829 21.936184 0.001745 0.381537 0.000001 0.000001
44500.000000 23.920540 23.151649 22.555860 21.994016 0.001720 0.381367 0.000001 0.000001
44600.000000 23.966509 23.216588 22.591068 22.036833 0.001696 0.380965 0.000001 0.000001
44700.000000 23.963620 23.301874 22.589551 22.097753 0.001672 0.380711 0.000001 0.000001
44800.000000 24.033783 23.365003 22.647604 22.135632 0.001647 0.380207 0.000001 0.000001
44900.000000 24.037111 23.417831 22.647244 22.170418 0.001623 0.380005 0.000001 0.000001
45000.000000 24.027859 23.468739 22.644145 22.205033 0.001600 0.379614 0.000001 0.000001
45100.000000 24.064781 23.515430 22.669358 22.234567 0.001578 0.379523 0.000001 0.000001
45200.000000 24.069339 23.565934 22.679651 22.269479 0.001555 0.379153 0.000001 0.000001
45300.000000 24.117497 23.611320 22.727878 22.299134 0.001532 0.378872 0.000001 0.000001
45400.000000 24.192693 23.655151 22.781562 22.330332 0.001511 0.378523 0.000001 0.000001
45500.000000 24.263589 23.718739 22.821315 22.377970 0.001489 0.378157 0.000001 0.000001
45600.000000 24.331679 23.774217 22.890067 22.414489 0.001468 0.377662 0.000001 0.000001
45700.000000 24.390721 23.802147 22.929487 22.425979 0.001446 0.376939 0.000001 0.000001
45800.000000 24.518819 23.842704 23.028416 22.446703 0.001424 0.376635 0.000001 0.000001
45900.000000 24.588855 23.886379 23.074323 22.480991 0.001404 0.375946 0.000001 0.000001
46000.000000 24.661572 23.907716 23.146664 22.484993 0.001383 0.375320 0.000001 0.000001
46100.000000 24.722788 23.928363 23.210501 22.495464 0.001362 0.374844 0.000001 0.000001
46200.000000 24.744642 23.943063 23.224359 22.496829 0.001341 0.374333 0.000001 0.000001
46300.000000 24.833908 23.961862 23.303886 22.493637 0.001321 0.373651 0.000001 0.000001
46400.000000 24.852520 24.000386 23.357334 22.513263 0.001301 0.373017 0.000001 0.000001
46500.000000 24.847970 24.037355 23.376815 22.534671 0.001282 0.372579 0.000001 0.000001
46600.000000 24.869834 24.064059 23.387161 22.559402 0.001263 0.372463 0.000001 0.000001
46700.000000 24.895842 24.107588 23.428083 22.599436 0.001245 0.372174 0.000001 0.000001
46800.000000 24.943621 24.138104 23.466169 22.623063 0.001226 0.371712 0.000001 0.000001
46900.000000 24.998560 24.173358 23.527652 22.647949 0.001208 0.371090 0.000001 0.000001
47000.000000 25.045535 24.205944 23.591449 22.676547 0.001189 0.370309 0.000001 0.000001
47100.000000 25.074883 24.232903 23.620911 22.702545 0.001172 0.369696 0.000001 0.000001
47200.000000 25.120867 24.256992 23.682898 22.714376 0.001154 0.369407 0.000001 0.000001
47300.000000 25.154002 24.268207 23.751040 22.710816 0.001137 0.369012 0.000001 0.000001
47400.000000 25.236191 24.278435 23.848909 22.711068 0.001120 0.368420 0.000001 0.000001
47500.000000 25.238868 24.280099 23.879082 22.708431 0.001104 0.367967 0.000001 0.000001
47600.000000 25.346818 24.288326 23.989812 22.714549 0.001089 0.367525 0.000001 0.000001
47700.000000 25.361116 24.294516 24.037581 22.712303 0.001072 0.367075 0.000000 0.000000
47800.000000 25.440525 24.296072 24.135207 22.702345 0.001056 0.366747 0.000000 0.000000
47900.000000 25.494483 24.328653 24.204506 22.726009 0.001041 0.366313 0.000000 0.000000
48000.000000 25.541404 24.363167 24.264710 22.755994 0.001026 0.365619 0.000000 0.000000
48100.000000 25.578916 24.370533 24.330067 22.751330 0.001011 0.364999 0.000000 0.000000
48200.000000 25.648227 24.362245 24.454409 22.738158 0.000997 0.364462 0.000000 0.000000
48300.000000 25.650321 24.375355 24.504199 22.744234 0.000983 0.364117 0.000000 0.000000
48400.000000 25.686745 24.404157 24.571348 22.773247 0.000969 0.363512 0.000000 0.000000
48500.000000 25.769623 24.434923 24.674271 22.793830 0.000955 0.363194 0.000000 0.000000
48600.000000 25.867390 24.460812 24.813207 22.811529 0.000941 0.362733 0.000000 0.000000
48700.000000 25.947876 24.485131 24.889762 22.824997 0.000927 0.362201 0.000000 0.000000
48800.000000 26.042387 24.508310 24.999778 22.837117 0.000913 0.361699 0.000000 0.000000
48900.000000 26.054498 24.544038 25.023497 22.856369 0.000900 0.361271 0.000000 0.000000
49000.000000 26.090155 24.577730 25.099441 22.881864 0.000886 0.360624 0.000000 0.000000
49100.000000 26.141508 24.615695 25.145277 22.918370 0.000874 0.360020 0.000000 0.000000
49200.000000 26.245359 24.641800 25.258096 22.940249 0.000861 0.359463 0.000000 0.000000
49300.000000 26.261088 24.667817 25.295838 22.966351 0.000849 0.358629 0.000000 0.000000
49400.000000 26.318378 24.700480 25.361970 23.000283 0.000835 0.357859 0.000000 0.000000
49500.000000 26.371210 24.713321 25.457260 23.025684 0.000823 0.357120 0.000000 0.000000
49600.000000 26.391899 24.712867 25.500466 23.044355 0.000811 0.356180 0.000000 0.000000
49700.000000 26.470889 24.717936 25.591915 23.050938 0.000799 0.355226 0.000000 0.000000
49800.000000 26.524177 24.731227 25.685087 23.064074 0.000788 0.354433 0.000000 0.000000
49900.000000 26.597310 24.732552 25.770944 23.059927 0.000777 0.353823 0.000000 0.000000
50000.000000 26.624247 24.802531 25.831250 23.112087 0.000766 0.353277 0.000000 0.000000
