#-t-MSD1-MSD2-MSDCR1-MSDCR2-survive-Fkv-Fkvv-FkvvCR
100.000000 1.363442 0.000000 1.176385 0.000000 0.826573 0.750730 0.255697 0.297195
200.000000 2.106227 0.151829 1.668231 0.153205 0.750214 0.649351 0.131304 0.183230
300.000000 2.714891 0.305106 2.069997 0.311073 0.684427 0.579721 0.075600 0.122694
400.000000 3.259041 0.452094 2.441035 0.462923 0.625425 0.524964 0.046248 0.085001
500.000000 3.761312 0.595373 2.794525 0.610383 0.572283 0.480290 0.029743 0.060341
600.000000 4.232089 0.735857 3.132604 0.754729 0.524428 0.442862 0.019740 0.043606
700.000000 4.676439 0.874598 3.462292 0.897085 0.481098 0.410666 0.013519 0.031951
800.000000 5.104562 1.010633 3.786657 1.036618 0.441835 0.383007 0.009436 0.023622
900.000000 5.515067 1.145030 4.102112 1.173767 0.406139 0.359056 0.006725 0.017639
1000.000000 5.909084 1.277883 4.410400 1.309325 0.373621 0.338152 0.004843 0.013238
1100.000000 6.287334 1.409550 4.712672 1.443909 0.343919 0.318726 0.003571 0.010005
1200.000000 6.656097 1.540165 5.008826 1.577230 0.316809 0.300503 0.002679 0.007653
1300.000000 7.014789 1.670165 5.298988 1.709783 0.292055 0.285556 0.002030 0.005868
1400.000000 7.358052 1.797172 5.583071 1.839378 0.269375 0.271969 0.001562 0.004527
1500.000000 7.692201 1.923361 5.864566 1.967838 0.248579 0.258264 0.001201 0.003493
1600.000000 8.019933 2.049518 6.142607 2.096655 0.229515 0.245391 0.000941 0.002722
1700.000000 8.343466 2.174810 6.418243 2.224386 0.212078 0.233482 0.000740 0.002130
1800.000000 8.665950 2.299823 6.695154 2.351491 0.196045 0.223384 0.000585 0.001668
1900.000000 8.978470 2.424461 6.968266 2.478189 0.181342 0.213478 0.000474 0.001319
2000.000000 9.283479 2.549361 7.239849 2.605125 0.167819 0.205197 0.000385 0.001042
2100.000000 9.566758 2.672593 7.495453 2.729652 0.155369 0.196722 0.000316 0.000833
2200.000000 9.848863 2.796380 7.746157 2.854672 0.143903 0.187237 0.000261 0.000666
2300.000000 10.134066 2.917940 8.004319 2.977388 0.133336 0.180321 0.000221 0.000538
2400.000000 10.408868 3.038989 8.248999 3.099203 0.123610 0.173418 0.000184 0.000430
2500.000000 10.682291 3.159565 8.499480 3.220836 0.114637 0.166542 0.000154 0.000349
2600.000000 10.952260 3.278253 8.741489 3.339774 0.106337 0.159285 0.000131 0.000284
2700.000000 11.224147 3.396926 8.987681 3.458265 0.098650 0.152969 0.000112 0.000231
2800.000000 11.485630 3.512701 9.220243 3.574064 0.091532 0.147431 0.000097 0.000190
2900.000000 11.736844 3.628964 9.446116 3.689887 0.084952 0.141377 0.000084 0.000156
3000.000000 11.974475 3.747662 9.660481 3.808528 0.078872 0.136233 0.000072 0.000129
3100.000000 12.231707 3.864337 9.893308 3.925439 0.073265 0.131532 0.000062 0.000107
3200.000000 12.469248 3.980487 10.110119 4.042700 0.068073 0.128443 0.000055 0.000091
3300.000000 12.700284 4.096284 10.324661 4.159039 0.063246 0.124226 0.000049 0.000077
3400.000000 12.926594 4.212332 10.530022 4.275968 0.058783 0.119825 0.000043 0.000066
3500.000000 13.160608 4.327314 10.743193 4.391017 0.054651 0.114786 0.000038 0.000056
3600.000000 13.371549 4.441962 10.943367 4.505573 0.050825 0.109033 0.000034 0.000048
3700.000000 13.596304 4.556652 11.160184 4.620935 0.047292 0.104196 0.000031 0.000042
3800.000000 13.833011 4.666764 11.378151 4.730407 0.044006 0.100497 0.000028 0.000037
3900.000000 14.063507 4.779502 11.584399 4.841506 0.040969 0.097063 0.000025 0.000032
4000.000000 14.291847 4.888040 11.804322 4.949255 0.038131 0.092453 0.000023 0.000028
4100.000000 14.509952 4.996171 12.010987 5.055950 0.035481 0.088862 0.000021 0.000025
4200.000000 14.731246 5.101423 12.221200 5.161842 0.033032 0.085654 0.000019 0.000022
4300.000000 14.947929 5.201289 12.421412 5.260062 0.030751 0.082743 0.000017 0.000019
4400.000000 15.169960 5.301135 12.619414 5.360765 0.028629 0.078312 0.000015 0.000017
4500.000000 15.398227 5.397639 12.823159 5.454981 0.026658 0.076414 0.000014 0.000016
4600.000000 15.623040 5.491339 13.029189 5.545619 0.024815 0.074091 0.000013 0.000014
4700.000000 15.825408 5.589008 13.222629 5.640663 0.023096 0.071806 0.000012 0.000013
4800.000000 16.015972 5.687472 13.409733 5.734960 0.021513 0.068833 0.000011 0.000011
4900.000000 16.243437 5.784167 13.623919 5.826214 0.020045 0.065957 0.000010 0.000011
5000.000000 16.477828 5.887763 13.852976 5.926172 0.018683 0.063012 0.000009 0.000010
5100.000000 16.659270 5.989326 14.035562 6.024954 0.017417 0.059702 0.000009 0.000009
5200.000000 16.840339 6.087188 14.224017 6.120106 0.016240 0.057485 0.000008 0.000008
5300.000000 17.019804 6.177667 14.403810 6.208018 0.015148 0.056035 0.000007 0.000007
5400.000000 17.242648 6.276513 14.615358 6.305046 0.014138 0.054351 0.000007 0.000007
5500.000000 17.447963 6.369659 14.813031 6.396615 0.013201 0.052373 0.000006 0.000006
5600.000000 17.670426 6.463482 15.032315 6.486880 0.012336 0.050793 0.000006 0.000006
5700.000000 17.889598 6.548238 15.243478 6.568454 0.011519 0.048867 0.000005 0.000006
5800.000000 18.073777 6.650531 15.425491 6.669017 0.010760 0.047724 0.000005 0.000005
5900.000000 18.289928 6.735919 15.626875 6.750167 0.010053 0.045811 0.000005 0.000005
6000.000000 18.485440 6.830101 15.817947 6.841414 0.009395 0.043147 0.000004 0.000004
6100.000000 18.701543 6.918172 16.012152 6.929064 0.008776 0.040458 0.000004 0.000004
6200.000000 18.902588 6.999335 16.196888 7.011997 0.008194 0.038181 0.000004 0.000004
6300.000000 19.056461 7.069301 16.331656 7.082610 0.007654 0.035507 0.000004 0.000004
6400.000000 19.201680 7.140202 16.454075 7.151741 0.007148 0.034186 0.000003 0.000003
6500.000000 19.374566 7.214931 16.611699 7.224677 0.006675 0.032853 0.000003 0.000003
6600.000000 19.549345 7.274081 16.757050 7.283330 0.006238 0.031986 0.000003 0.000003
6700.000000 19.772893 7.336119 16.937223 7.346422 0.005837 0.029194 0.000003 0.000003
6800.000000 19.918144 7.408949 17.072145 7.419768 0.005463 0.027191 0.000002 0.000003
6900.000000 20.086434 7.485617 17.227143 7.494005 0.005111 0.025376 0.000002 0.000002
7000.000000 20.281556 7.553828 17.373557 7.557867 0.004778 0.023618 0.000002 0.000002
7100.000000 20.535036 7.627086 17.589558 7.632682 0.004466 0.022593 0.000002 0.000002
7200.000000 20.711996 7.708167 17.726096 7.708789 0.004174 0.019804 0.000002 0.000002
7300.000000 20.888142 7.773440 17.873813 7.777892 0.003902 0.017968 0.000002 0.000002
7400.000000 21.104082 7.839048 18.086991 7.833069 0.003643 0.016256 0.000002 0.000002
7500.000000 21.329211 7.914273 18.264743 7.901698 0.003401 0.016071 0.000002 0.000002
7600.000000 21.516746 7.969263 18.400075 7.955812 0.003177 0.015732 0.000001 0.000001
7700.000000 21.711006 8.035641 18.576631 8.015260 0.002969 0.014309 0.000001 0.000001
7800.000000 21.924738 8.083531 18.731941 8.056720 0.002775 0.011993 0.000001 0.000001
7900.000000 22.217032 8.156005 18.962253 8.123549 0.002594 0.011304 0.000001 0.000001
8000.000000 22.429635 8.220030 19.156942 8.187734 0.002429 0.011216 0.000001 0.000001
8100.000000 22.637158 8.300718 19.337980 8.266954 0.002273 0.010288 0.000001 0.000001
8200.000000 22.859673 8.377687 19.530219 8.340154 0.002128 0.009818 0.000001 0.000001
8300.000000 23.161051 8.453414 19.797828 8.415173 0.001993 0.009888 0.000001 0.000001
8400.000000 23.517584 8.533356 20.130987 8.502645 0.001865 0.009618 0.000001 0.000001
8500.000000 23.820715 8.603661 20.407669 8.578125 0.001749 0.009804 0.000001 0.000001
8600.000000 24.245300 8.671328 20.767079 8.643495 0.001637 0.009222 0.000001 0.000001
8700.000000 24.538786 8.719330 21.044131 8.686724 0.001534 0.009028 0.000001 0.000001
8800.000000 24.868943 8.767545 21.346683 8.738355 0.001435 0.008305 0.000001 0.000001
8900.000000 25.292643 8.837933 21.766205 8.810350 0.001344 0.007576 0.000001 0.000001
9000.000000 25.696097 8.900619 22.140988 8.876062 0.001258 0.006206 0.000001 0.000001
9100.000000 26.082895 8.970293 22.475227 8.947859 0.001176 0.006039 0.000001 0.000001
9200.000000 26.435720 9.057690 22.837969 9.036103 0.001101 0.005771 0.000000 0.000001
9300.000000 26.956573 9.159603 23.307261 9.130609 0.001032 0.004038 0.000000 0.000000
9400.000000 27.440433 9.243513 23.723928 9.213896 0.000967 0.002185 0.000000 0.000000
9500.000000 27.977095 9.355340 24.127331 9.336963 0.000906 0.001725 0.000000 0.000000
9600.000000 28.417547 9.481925 24.483522 9.473839 0.000848 0.001623 0.000000 0.000000
9700.000000 29.114723 9.593055 25.161123 9.580270 0.000796 0.001693 0.000000 0.000000
9800.000000 29.624514 9.724607 25.676261 9.711499 0.000744 0.002224 0.000000 0.000000
9900.000000 30.106775 9.828990 26.178126 9.818106 0.000695 0.002347 0.000000 0.000000
10000.000000 30.680856 9.937840 26.735567 9.923888 0.000652 0.001855 0.000000 0.000000
10100.000000 31.165089 10.078355 27.182830 10.048675 0.000611 0.001542 0.000000 0.000000
10200.000000 31.974074 10.227821 27.971009 10.172378 0.000572 0.001469 0.000000 0.000000
10300.000000 32.511563 10.329382 28.482864 10.253545 0.000534 0.001137 0.000000 0.000000
10400.000000 33.143604 10.425782 29.048867 10.349137 0.000499 0.000321 0.000000 0.000000
10500.000000 33.580353 10.553179 29.471494 10.456953 0.000467 -0.000425 0.000000 0.000000
10600.000000 34.086443 10.661969 29.952881 10.551983 0.000439 -0.000731 0.000000 0.000000
10700.000000 34.508375 10.810607 30.314634 10.672696 0.000412 -0.001323 0.000000 0.000000
10800.000000 34.768694 10.981980 30.651031 10.817593 0.000386 -0.001272 0.000000 0.000000
10900.000000 35.240381 11.137380 31.152428 10.974019 0.000362 -0.000923 0.000000 0.000000
11000.000000 35.727583 11.296666 31.607615 11.114683 0.000340 -0.002363 0.000000 0.000000
11100.000000 36.209841 11.511129 32.048205 11.311345 0.000318 -0.002015 0.000000 0.000000
11200.000000 36.605239 11.749896 32.395257 11.518074 0.000297 -0.002422 0.000000 0.000000
11300.000000 37.171965 11.957419 32.967893 11.706738 0.000276 -0.002200 0.000000 0.000000
11400.000000 37.436762 12.151613 33.214376 11.900055 0.000259 -0.001171 0.000000 0.000000
11500.000000 37.665750 12.390602 33.522750 12.123231 0.000243 -0.001413 0.000000 0.000000
11600.000000 37.953610 12.615745 33.804219 12.339020 0.000230 -0.001594 0.000000 0.000000
11700.000000 38.683517 12.869332 34.383820 12.574488 0.000217 -0.001296 0.000000 0.000000
11800.000000 39.165766 12.999481 34.711426 12.680413 0.000204 -0.001441 0.000000 0.000000
11900.000000 39.924622 13.156318 35.291856 12.839870 0.000193 -0.001213 0.000000 0.000000
12000.000000 40.708819 13.302829 35.937971 12.982159 0.000181 -0.002661 0.000000 0.000000
12100.000000 41.464711 13.395400 36.562327 13.060436 0.000171 -0.002770 0.000000 0.000000
12200.000000 42.274515 13.509597 37.253142 13.166228 0.000163 -0.001152 0.000000 0.000000
12300.000000 42.831573 13.579239 37.949534 13.206970 0.000155 -0.001277 0.000000 0.000000
12400.000000 44.141873 13.577412 39.183045 13.203978 0.000147 -0.001930 0.000000 0.000000
12500.000000 45.420340 13.647196 40.363190 13.274528 0.000140 -0.002392 0.000000 0.000000
12600.000000 46.445469 13.730212 41.469985 13.361786 0.000133 -0.002200 0.000000 0.000000
12700.000000 47.167368 13.760078 42.235051 13.397824 0.000127 -0.001729 0.000000 0.000000
12800.000000 48.212685 13.907828 43.354092 13.535213 0.000120 -0.001107 0.000000 0.000000
12900.000000 49.096425 14.000110 44.373903 13.621333 0.000115 -0.001109 0.000000 0.000000
13000.000000 50.380939 14.054687 45.583172 13.653172 0.000109 -0.001842 0.000000 0.000000
13100.000000 51.421889 14.152909 46.643434 13.723110 0.000103 -0.002992 0.000000 0.000000
13200.000000 52.591610 14.269838 47.941222 13.803257 0.000098 -0.002715 0.000000 0.000000
13300.000000 53.473816 14.467918 48.936029 13.940099 0.000093 -0.002292 0.000000 0.000000
13400.000000 54.650672 14.771969 50.265062 14.224719 0.000089 -0.002160 0.000000 0.000000
13500.000000 55.617304 15.007050 51.298364 14.469248 0.000084 -0.000567 0.000000 0.000000
13600.000000 57.009483 15.165135 52.773231 14.661074 0.000079 -0.000075 0.000000 0.000000
13700.000000 57.912903 15.358818 53.784191 14.884887 0.000075 0.001341 0.000000 0.000000
13800.000000 58.764297 15.538258 54.891007 15.061864 0.000070 0.001538 0.000000 0.000000
13900.000000 59.462547 15.589183 55.729481 15.134272 0.000066 0.001078 0.000000 0.000000
14000.000000 60.210229 15.580925 56.498336 15.177663 0.000062 0.001656 0.000000 0.000000
14100.000000 61.361188 15.623475 57.629479 15.288865 0.000059 0.002363 0.000000 0.000000
14200.000000 62.034170 15.685044 58.291818 15.373747 0.000055 0.002536 0.000000 0.000000
14300.000000 62.475560 15.692792 58.719689 15.386030 0.000052 0.001583 0.000000 0.000000
14400.000000 62.889169 15.845043 59.444016 15.580034 0.000048 0.000952 0.000000 0.000000
14500.000000 62.904810 15.725100 59.736047 15.432642 0.000045 0.000703 0.000000 0.000000
14600.000000 62.332420 15.496185 59.894552 15.214356 0.000041 0.000291 0.000000 0.000000
14700.000000 61.422440 15.268304 59.906788 15.051989 0.000038 -0.000314 0.000000 0.000000
14800.000000 60.645342 15.301909 60.288812 15.020253 0.000035 -0.000496 0.000000 0.000000
14900.000000 59.942931 15.472503 60.237107 15.186833 0.000032 -0.001320 0.000000 0.000000
15000.000000 60.171605 15.822868 60.914958 15.487859 0.000029 -0.000688 0.000000 0.000000
15100.000000 60.516724 15.760730 61.691837 15.530861 0.000026 -0.000879 0.000000 0.000000
15200.000000 62.109545 15.786918 63.962362 15.578662 0.000023 0.000182 0.000000 0.000000
15300.000000 63.724730 16.144496 66.256246 15.953845 0.000020 0.000092 0.000000 0.000000
15400.000000 64.537488 17.028296 67.929896 16.819564 0.000018 0.001020 0.000000 0.000000
15500.000000 65.163329 17.405282 69.125047 17.284937 0.000016 0.001108 0.000000 0.000000
15600.000000 66.046376 17.890102 70.988707 17.697159 0.000015 0.001400 0.000000 0.000000
15700.000000 67.959406 18.485110 72.997371 18.256689 0.000013 0.001005 0.000000 0.000000
15800.000000 66.793486 18.369667 71.690253 18.248421 0.000013 0.001046 0.000000 0.000000
15900.000000 68.869211 18.914724 73.096594 18.819545 0.000011 0.001537 0.000000 0.000000
16000.000000 71.001699 19.588031 74.708550 19.365742 0.000010 0.002585 0.000000 0.000000
16100.000000 71.579515 19.518252 74.866595 19.376598 0.000010 0.003250 0.000000 0.000000
16200.000000 72.059021 19.546961 75.279981 19.444431 0.000009 0.003438 0.000000 0.000000
16300.000000 72.396254 19.579771 75.118943 19.421045 0.000008 0.004454 0.000000 0.000000
16400.000000 73.638107 19.617629 75.802846 19.164324 0.000008 0.004654 0.000000 0.000000
16500.000000 73.249467 19.661796 75.029927 19.220077 0.000007 0.004599 0.000000 0.000000
16600.000000 73.585793 19.864261 75.178557 19.356126 0.000007 0.004450 0.000000 0.000000
16700.000000 72.663817 20.107218 73.845947 19.568603 0.000006 0.005123 0.000000 0.000000
16800.000000 72.636007 20.404166 73.525290 20.090573 0.000005 0.005214 0.000000 0.000000
16900.000000 72.422848 20.775350 73.881675 20.588802 0.000005 0.004418 0.000000 0.000000
17000.000000 71.440695 21.252588 73.756533 20.899449 0.000004 0.005433 0.000000 0.000000
17100.000000 70.542066 21.888904 73.775545 21.072354 0.000004 0.005179 0.000000 0.000000
17200.000000 71.280327 22.779747 74.467920 21.510309 0.000003 0.004350 0.000000 0.000000
17300.000000 77.013886 24.116012 80.106615 22.731541 0.000002 0.004644 0.000000 0.000000
17400.000000 81.005490 26.343120 85.714329 24.626916 0.000002 0.003989 0.000000 0.000000
17500.000000 88.317818 30.797336 93.242830 27.747481 0.000001 0.002956 0.000000 0.000000
17600.000000 88.562399 30.797336 93.832312 26.563555 0.000001 0.002896 0.000000 0.000000
17700.000000 77.303375 30.797336 81.850657 26.689122 0.000001 0.002850 0.000000 0.000000
17800.000000 61.473506 30.797336 65.474915 27.065822 0.000000 0.002630 0.000000 0.000000
17900.000000 0.000000 0.000000 0.000000 0.000000 0.000000 0.002581 0.000000 0.000000
18000.000000 0.000000 0.000000 0.000000 0.000000 0.000000 0.001731 0.000000 0.000000
18100.000000 0.000000 0.000000 0.000000 0.000000 0.000000 0.001440 0.000000 0.000000
18200.000000 0.000000 0.000000 0.000000 0.000000 0.000000 0.002038 0.000000 0.000000
18300.000000 0.000000 0.000000 0.000000 0.000000 0.000000 0.002606 0.000000 0.000000
18400.000000 0.000000 0.000000 0.000000 0.000000 0.000000 0.002507 0.000000 0.000000
18500.000000 0.000000 0.000000 0.000000 0.000000 0.000000 0.003031 0.000000 0.000000
18600.000000 0.000000 0.000000 0.000000 0.000000 0.000000 0.003405 0.000000 0.000000
18700.000000 0.000000 0.000000 0.000000 0.000000 0.000000 0.003025 0.000000 0.000000
18800.000000 0.000000 0.000000 0.000000 0.000000 0.000000 0.003342 0.000000 0.000000
18900.000000 0.000000 0.000000 0.000000 0.000000 0.000000 0.002694 0.000000 0.000000
19000.000000 0.000000 0.000000 0.000000 0.000000 0.000000 0.002407 0.000000 0.000000
19100.000000 0.000000 0.000000 0.000000 0.000000 0.000000 0.002987 0.000000 0.000000
19200.000000 0.000000 0.000000 0.000000 0.000000 0.000000 0.004137 0.000000 0.000000
19300.000000 0.000000 0.000000 0.000000 0.000000 0.000000 0.003369 0.000000 0.000000
19400.000000 0.000000 0.000000 0.000000 0.000000 0.000000 0.003835 0.000000 0.000000
19500.000000 0.000000 0.000000 0.000000 0.000000 0.000000 0.003664 0.000000 0.000000
19600.000000 0.000000 0.000000 0.000000 0.000000 0.000000 0.003082 0.000000 0.000000
19700.000000 0.000000 0.000000 0.000000 0.000000 0.000000 0.003495 0.000000 0.000000
19800.000000 0.000000 0.000000 0.000000 0.000000 0.000000 0.003603 0.000000 0.000000
19900.000000 0.000000 0.000000 0.000000 0.000000 0.000000 0.003361 0.000000 0.000000
20000.000000 0.000000 0.000000 0.000000 0.000000 0.000000 0.004315 0.000000 0.000000
20100.000000 0.000000 0.000000 0.000000 0.000000 0.000000 0.004415 0.000000 0.000000
20200.000000 0.000000 0.000000 0.000000 0.000000 0.000000 0.004623 0.000000 0.000000
20300.000000 0.000000 0.000000 0.000000 0.000000 0.000000 0.004942 0.000000 0.000000
20400.000000 0.000000 0.000000 0.000000 0.000000 0.000000 0.004336 0.000000 0.000000
20500.000000 0.000000 0.000000 0.000000 0.000000 0.000000 0.004921 0.000000 0.000000
20600.000000 0.000000 0.000000 0.000000 0.000000 0.000000 0.005127 0.000000 0.000000
20700.000000 0.000000 0.000000 0.000000 0.000000 0.000000 0.005418 0.000000 0.000000
20800.000000 0.000000 0.000000 0.000000 0.000000 0.000000 0.004366 0.000000 0.000000
20900.000000 0.000000 0.000000 0.000000 0.000000 0.000000 0.004568 0.000000 0.000000
21000.000000 0.000000 0.000000 0.000000 0.000000 0.000000 0.004702 0.000000 0.000000
21100.000000 0.000000 0.000000 0.000000 0.000000 0.000000 0.006152 0.000000 0.000000
21200.000000 0.000000 0.000000 0.000000 0.000000 0.000000 0.006310 0.000000 0.000000
21300.000000 0.000000 0.000000 0.000000 0.000000 0.000000 0.006021 0.000000 0.000000
21400.000000 0.000000 0.000000 0.000000 0.000000 0.000000 0.006111 0.000000 0.000000
21500.000000 0.000000 0.000000 0.000000 0.000000 0.000000 0.006418 0.000000 0.000000
21600.000000 0.000000 0.000000 0.000000 0.000000 0.000000 0.007185 0.000000 0.000000
21700.000000 0.000000 0.000000 0.000000 0.000000 0.000000 0.007927 0.000000 0.000000
21800.000000 0.000000 0.000000 0.000000 0.000000 0.000000 0.007367 0.000000 0.000000
21900.000000 0.000000 0.000000 0.000000 0.000000 0.000000 0.007592 0.000000 0.000000
22000.000000 0.000000 0.000000 0.000000 0.000000 0.000000 0.006676 0.000000 0.000000
22100.000000 0.000000 0.000000 0.000000 0.000000 0.000000 0.006755 0.000000 0.000000
22200.000000 0.000000 0.000000 0.000000 0.000000 0.000000 0.005741 0.000000 0.000000
22300.000000 0.000000 0.000000 0.000000 0.000000 0.000000 0.005819 0.000000 0.000000
22400.000000 0.000000 0.000000 0.000000 0.000000 0.000000 0.006447 0.000000 0.000000
22500.000000 0.000000 0.000000 0.000000 0.000000 0.000000 0.006960 0.000000 0.000000
22600.000000 0.000000 0.000000 0.000000 0.000000 0.000000 0.006588 0.000000 0.000000
22700.000000 0.000000 0.000000 0.000000 0.000000 0.000000 0.006988 0.000000 0.000000
22800.000000 0.000000 0.000000 0.000000 0.000000 0.000000 0.006587 0.000000 0.000000
22900.000000 0.000000 0.000000 0.000000 0.000000 0.000000 0.006262 0.000000 0.000000
23000.000000 0.000000 0.000000 0.000000 0.000000 0.000000 0.006097 0.000000 0.000000
23100.000000 0.000000 0.000000 0.000000 0.000000 0.000000 0.006026 0.000000 0.000000
23200.000000 0.000000 0.000000 0.000000 0.000000 0.000000 0.005715 0.000000 0.000000
23300.000000 0.000000 0.000000 0.000000 0.000000 0.000000 0.005757 0.000000 0.000000
23400.000000 0.000000 0.000000 0.000000 0.000000 0.000000 0.005824 0.000000 0.000000
23500.000000 0.000000 0.000000 0.000000 0.000000 0.000000 0.005116 0.000000 0.000000
23600.000000 0.000000 0.000000 0.000000 0.000000 0.000000 0.005227 0.000000 0.000000
23700.000000 0.000000 0.000000 0.000000 0.000000 0.000000 0.004530 0.000000 0.000000
23800.000000 0.000000 0.000000 0.000000 0.000000 0.000000 0.004905 0.000000 0.000000
23900.000000 0.000000 0.000000 0.000000 0.000000 0.000000 0.004341 0.000000 0.000000
24000.000000 0.000000 0.000000 0.000000 0.000000 0.000000 0.005461 0.000000 0.000000
24100.000000 0.000000 0.000000 0.000000 0.000000 0.000000 0.005693 0.000000 0.000000
24200.000000 0.000000 0.000000 0.000000 0.000000 0.000000 0.006701 0.000000 0.000000
24300.000000 0.000000 0.000000 0.000000 0.000000 0.000000 0.006440 0.000000 0.000000
24400.000000 0.000000 0.000000 0.000000 0.000000 0.000000 0.006173 0.000000 0.000000
24500.000000 0.000000 0.000000 0.000000 0.000000 0.000000 0.006138 0.000000 0.000000
24600.000000 0.000000 0.000000 0.000000 0.000000 0.000000 0.006019 0.000000 0.000000
24700.000000 0.000000 0.000000 0.000000 0.000000 0.000000 0.006111 0.000000 0.000000
24800.000000 0.000000 0.000000 0.000000 0.000000 0.000000 0.005003 0.000000 0.000000
24900.000000 0.000000 0.000000 0.000000 0.000000 0.000000 0.005848 0.000000 0.000000
25000.000000 0.000000 0.000000 0.000000 0.000000 0.000000 0.007030 0.000000 0.000000
25100.000000 0.000000 0.000000 0.000000 0.000000 0.000000 0.007942 0.000000 0.000000
25200.000000 0.000000 0.000000 0.000000 0.000000 0.000000 0.007639 0.000000 0.000000
25300.000000 0.000000 0.000000 0.000000 0.000000 0.000000 0.006780 0.000000 0.000000
25400.000000 0.000000 0.000000 0.000000 0.000000 0.000000 0.006681 0.000000 0.000000
25500.000000 0.000000 0.000000 0.000000 0.000000 0.000000 0.007183 0.000000 0.000000
25600.000000 0.000000 0.000000 0.000000 0.000000 0.000000 0.006301 0.000000 0.000000
25700.000000 0.000000 0.000000 0.000000 0.000000 0.000000 0.005973 0.000000 0.000000
25800.000000 0.000000 0.000000 0.000000 0.000000 0.000000 0.006075 0.000000 0.000000
25900.000000 0.000000 0.000000 0.000000 0.000000 0.000000 0.005607 0.000000 0.000000
26000.000000 0.000000 0.000000 0.000000 0.000000 0.000000 0.004866 0.000000 0.000000
26100.000000 0.000000 0.000000 0.000000 0.000000 0.000000 0.005529 0.000000 0.000000
26200.000000 0.000000 0.000000 0.000000 0.000000 0.000000 0.004896 0.000000 0.000000
26300.000000 0.000000 0.000000 0.000000 0.000000 0.000000 0.005984 0.000000 0.000000
26400.000000 0.000000 0.000000 0.000000 0.000000 0.000000 0.006091 0.000000 0.000000
26500.000000 0.000000 0.000000 0.000000 0.000000 0.000000 0.005795 0.000000 0.000000
26600.000000 0.000000 0.000000 0.000000 0.000000 0.000000 0.005272 0.000000 0.000000
26700.000000 0.000000 0.000000 0.000000 0.000000 0.000000 0.005803 0.000000 0.000000
26800.000000 0.000000 0.000000 0.000000 0.000000 0.000000 0.005918 0.000000 0.000000
26900.000000 0.000000 0.000000 0.000000 0.000000 0.000000 0.005699 0.000000 0.000000
27000.000000 0.000000 0.000000 0.000000 0.000000 0.000000 0.005992 0.000000 0.000000
27100.000000 0.000000 0.000000 0.000000 0.000000 0.000000 0.006599 0.000000 0.000000
27200.000000 0.000000 0.000000 0.000000 0.000000 0.000000 0.006599 0.000000 0.000000
27300.000000 0.000000 0.000000 0.000000 0.000000 0.000000 0.006813 0.000000 0.000000
27400.000000 0.000000 0.000000 0.000000 0.000000 0.000000 0.006475 0.000000 0.000000
27500.000000 0.000000 0.000000 0.000000 0.000000 0.000000 0.005963 0.000000 0.000000
27600.000000 0.000000 0.000000 0.000000 0.000000 0.000000 0.007072 0.000000 0.000000
27700.000000 0.000000 0.000000 0.000000 0.000000 0.000000 0.007542 0.000000 0.000000
27800.000000 0.000000 0.000000 0.000000 0.000000 0.000000 0.006282 0.000000 0.000000
27900.000000 0.000000 0.000000 0.000000 0.000000 0.000000 0.006901 0.000000 0.000000
28000.000000 0.000000 0.000000 0.000000 0.000000 0.000000 0.006593 0.000000 0.000000
28100.000000 0.000000 0.000000 0.000000 0.000000 0.000000 0.005156 0.000000 0.000000
28200.000000 0.000000 0.000000 0.000000 0.000000 0.000000 0.004637 0.000000 0.000000
28300.000000 0.000000 0.000000 0.000000 0.000000 0.000000 0.004315 0.000000 0.000000
28400.000000 0.000000 0.000000 0.000000 0.000000 0.000000 0.004099 0.000000 0.000000
28500.000000 0.000000 0.000000 0.000000 0.000000 0.000000 0.004011 0.000000 0.000000
28600.000000 0.000000 0.000000 0.000000 0.000000 0.000000 0.003711 0.000000 0.000000
28700.000000 0.000000 0.000000 0.000000 0.000000 0.000000 0.003173 0.000000 0.000000
28800.000000 0.000000 0.000000 0.000000 0.000000 0.000000 0.001390 0.000000 0.000000
28900.000000 0.000000 0.000000 0.000000 0.000000 0.000000 0.000259 0.000000 0.000000
29000.000000 0.000000 0.000000 0.000000 0.000000 0.000000 -0.000723 0.000000 0.000000
29100.000000 0.000000 0.000000 0.000000 0.000000 0.000000 -0.002621 0.000000 0.000000
29200.000000 0.000000 0.000000 0.000000 0.000000 0.000000 -0.003657 0.000000 0.000000
29300.000000 0.000000 0.000000 0.000000 0.000000 0.000000 -0.003644 0.000000 0.000000
29400.000000 0.000000 0.000000 0.000000 0.000000 0.000000 -0.003890 0.000000 0.000000
29500.000000 0.000000 0.000000 0.000000 0.000000 0.000000 -0.002901 0.000000 0.000000
29600.000000 0.000000 0.000000 0.000000 0.000000 0.000000 -0.003694 0.000000 0.000000
29700.000000 0.000000 0.000000 0.000000 0.000000 0.000000 -0.002266 0.000000 0.000000
29800.000000 0.000000 0.000000 0.000000 0.000000 0.000000 -0.001363 0.000000 0.000000
29900.000000 0.000000 0.000000 0.000000 0.000000 0.000000 -0.001051 0.000000 0.000000
30000.000000 0.000000 0.000000 0.000000 0.000000 0.000000 -0.000233 0.000000 0.000000
30100.000000 0.000000 0.000000 0.000000 0.000000 0.000000 0.000341 0.000000 0.000000
30200.000000 0.000000 0.000000 0.000000 0.000000 0.000000 0.001061 0.000000 0.000000
30300.000000 0.000000 0.000000 0.000000 0.000000 0.000000 0.000543 0.000000 0.000000
30400.000000 0.000000 0.000000 0.000000 0.000000 0.000000 0.000308 0.000000 0.000000
30500.000000 0.000000 0.000000 0.000000 0.000000 0.000000 0.000982 0.000000 0.000000
30600.000000 0.000000 0.000000 0.000000 0.000000 0.000000 0.000943 0.000000 0.000000
30700.000000 0.000000 0.000000 0.000000 0.000000 0.000000 0.000866 0.000000 0.000000
30800.000000 0.000000 0.000000 0.000000 0.000000 0.000000 0.000126 0.000000 0.000000
30900.000000 0.000000 0.000000 0.000000 0.000000 0.000000 -0.000965 0.000000 0.000000
31000.000000 0.000000 0.000000 0.000000 0.000000 0.000000 -0.000943 0.000000 0.000000
31100.000000 0.000000 0.000000 0.000000 0.000000 0.000000 -0.000891 0.000000 0.000000
31200.000000 0.000000 0.000000 0.000000 0.000000 0.000000 -0.001581 0.000000 0.000000
31300.000000 0.000000 0.000000 0.000000 0.000000 0.000000 -0.001963 0.000000 0.000000
31400.000000 0.000000 0.000000 0.000000 0.000000 0.000000 -0.002251 0.000000 0.000000
31500.000000 0.000000 0.000000 0.000000 0.000000 0.000000 -0.002207 0.000000 0.000000
31600.000000 0.000000 0.000000 0.000000 0.000000 0.000000 -0.002047 0.000000 0.000000
31700.000000 0.000000 0.000000 0.000000 0.000000 0.000000 -0.003010 0.000000 0.000000
31800.000000 0.000000 0.000000 0.000000 0.000000 0.000000 -0.003553 0.000000 0.000000
31900.000000 0.000000 0.000000 0.000000 0.000000 0.000000 -0.004112 0.000000 0.000000
32000.000000 0.000000 0.000000 0.000000 0.000000 0.000000 -0.004516 0.000000 0.000000
32100.000000 0.000000 0.000000 0.000000 0.000000 0.000000 -0.003890 0.000000 0.000000
32200.000000 0.000000 0.000000 0.000000 0.000000 0.000000 -0.003690 0.000000 0.000000
32300.000000 0.000000 0.000000 0.000000 0.000000 0.000000 -0.003280 0.000000 0.000000
32400.000000 0.000000 0.000000 0.000000 0.000000 0.000000 -0.002838 0.000000 0.000000
32500.000000 0.000000 0.000000 0.000000 0.000000 0.000000 -0.003071 0.000000 0.000000
32600.000000 0.000000 0.000000 0.000000 0.000000 0.000000 -0.003367 0.000000 0.000000
32700.000000 0.000000 0.000000 0.000000 0.000000 0.000000 -0.003044 0.000000 0.000000
32800.000000 0.000000 0.000000 0.000000 0.000000 0.000000 -0.002118 0.000000 0.000000
32900.000000 0.000000 0.000000 0.000000 0.000000 0.000000 -0.001209 0.000000 0.000000
33000.000000 0.000000 0.000000 0.000000 0.000000 0.000000 -0.001482 0.000000 0.000000
33100.000000 0.000000 0.000000 0.000000 0.000000 0.000000 -0.002363 0.000000 0.000000
33200.000000 0.000000 0.000000 0.000000 0.000000 0.000000 -0.003256 0.000000 0.000000
33300.000000 0.000000 0.000000 0.000000 0.000000 0.000000 -0.003281 0.000000 0.000000
33400.000000 0.000000 0.000000 0.000000 0.000000 0.000000 -0.003898 0.000000 0.000000
33500.000000 0.000000 0.000000 0.000000 0.000000 0.000000 -0.003407 0.000000 0.000000
33600.000000 0.000000 0.000000 0.000000 0.000000 0.000000 -0.003723 0.000000 0.000000
33700.000000 0.000000 0.000000 0.000000 0.000000 0.000000 -0.005220 0.000000 0.000000
33800.000000 0.000000 0.000000 0.000000 0.000000 0.000000 -0.004437 0.000000 0.000000
33900.000000 0.000000 0.000000 0.000000 0.000000 0.000000 -0.005174 0.000000 0.000000
34000.000000 0.000000 0.000000 0.000000 0.000000 0.000000 -0.004808 0.000000 0.000000
34100.000000 0.000000 0.000000 0.000000 0.000000 0.000000 -0.004361 0.000000 0.000000
34200.000000 0.000000 0.000000 0.000000 0.000000 0.000000 -0.004402 0.000000 0.000000
34300.000000 0.000000 0.000000 0.000000 0.000000 0.000000 -0.003971 0.000000 0.000000
34400.000000 0.000000 0.000000 0.000000 0.000000 0.000000 -0.003638 0.000000 0.000000
34500.000000 0.000000 0.000000 0.000000 0.000000 0.000000 -0.002870 0.000000 0.000000
34600.000000 0.000000 0.000000 0.000000 0.000000 0.000000 -0.002552 0.000000 0.000000
34700.000000 0.000000 0.000000 0.000000 0.000000 0.000000 -0.001884 0.000000 0.000000
34800.000000 0.000000 0.000000 0.000000 0.000000 0.000000 -0.002268 0.000000 0.000000
34900.000000 0.000000 0.000000 0.000000 0.000000 0.000000 -0.002479 0.000000 0.000000
35000.000000 0.000000 0.000000 0.000000 0.000000 0.000000 -0.001483 0.000000 0.000000
35100.000000 0.000000 0.000000 0.000000 0.000000 0.000000 -0.001560 0.000000 0.000000
35200.000000 0.000000 0.000000 0.000000 0.000000 0.000000 -0.001497 0.000000 0.000000
35300.000000 0.000000 0.000000 0.000000 0.000000 0.000000 -0.001378 0.000000 0.000000
35400.000000 0.000000 0.000000 0.000000 0.000000 0.000000 -0.000368 0.000000 0.000000
35500.000000 0.000000 0.000000 0.000000 0.000000 0.000000 0.001330 0.000000 0.000000
35600.000000 0.000000 0.000000 0.000000 0.000000 0.000000 0.003273 0.000000 0.000000
35700.000000 0.000000 0.000000 0.000000 0.000000 0.000000 0.003484 0.000000 0.000000
35800.000000 0.000000 0.000000 0.000000 0.000000 0.000000 0.004142 0.000000 0.000000
35900.000000 0.000000 0.000000 0.000000 0.000000 0.000000 0.004598 0.000000 0.000000
36000.000000 0.000000 0.000000 0.000000 0.000000 0.000000 0.004358 0.000000 0.000000
36100.000000 0.000000 0.000000 0.000000 0.000000 0.000000 0.004275 0.000000 0.000000
36200.000000 0.000000 0.000000 0.000000 0.000000 0.000000 0.005477 0.000000 0.000000
36300.000000 0.000000 0.000000 0.000000 0.000000 0.000000 0.005609 0.000000 0.000000
36400.000000 0.000000 0.000000 0.000000 0.000000 0.000000 0.005051 0.000000 0.000000
36500.000000 0.000000 0.000000 0.000000 0.000000 0.000000 0.005744 0.000000 0.000000
36600.000000 0.000000 0.000000 0.000000 0.000000 0.000000 0.007027 0.000000 0.000000
36700.000000 0.000000 0.000000 0.000000 0.000000 0.000000 0.007987 0.000000 0.000000
36800.000000 0.000000 0.000000 0.000000 0.000000 0.000000 0.007912 0.000000 0.000000
36900.000000 0.000000 0.000000 0.000000 0.000000 0.000000 0.008382 0.000000 0.000000
37000.000000 0.000000 0.000000 0.000000 0.000000 0.000000 0.008408 0.000000 0.000000
37100.000000 0.000000 0.000000 0.000000 0.000000 0.000000 0.007311 0.000000 0.000000
37200.000000 0.000000 0.000000 0.000000 0.000000 0.000000 0.006897 0.000000 0.000000
37300.000000 0.000000 0.000000 0.000000 0.000000 0.000000 0.006084 0.000000 0.000000
37400.000000 0.000000 0.000000 0.000000 0.000000 0.000000 0.006094 0.000000 0.000000
37500.000000 0.000000 0.000000 0.000000 0.000000 0.000000 0.005628 0.000000 0.000000
37600.000000 0.000000 0.000000 0.000000 0.000000 0.000000 0.006825 0.000000 0.000000
37700.000000 0.000000 0.000000 0.000000 0.000000 0.000000 0.007664 0.000000 0.000000
37800.000000 0.000000 0.000000 0.000000 0.000000 0.000000 0.008513 0.000000 0.000000
37900.000000 0.000000 0.000000 0.000000 0.000000 0.000000 0.008822 0.000000 0.000000
38000.000000 0.000000 0.000000 0.000000 0.000000 0.000000 0.009253 0.000000 0.000000
38100.000000 0.000000 0.000000 0.000000 0.000000 0.000000 0.009657 0.000000 0.000000
38200.000000 0.000000 0.000000 0.000000 0.000000 0.000000 0.009893 0.000000 0.000000
38300.000000 0.000000 0.000000 0.000000 0.000000 0.000000 0.010132 0.000000 0.000000
38400.000000 0.000000 0.000000 0.000000 0.000000 0.000000 0.009377 0.000000 0.000000
38500.000000 0.000000 0.000000 0.000000 0.000000 0.000000 0.009101 0.000000 0.000000
38600.000000 0.000000 0.000000 0.000000 0.000000 0.000000 0.009210 0.000000 0.000000
38700.000000 0.000000 0.000000 0.000000 0.000000 0.000000 0.009350 0.000000 0.000000
38800.000000 0.000000 0.000000 0.000000 0.000000 0.000000 0.009633 0.000000 0.000000
38900.000000 0.000000 0.000000 0.000000 0.000000 0.000000 0.009792 0.000000 0.000000
39000.000000 0.000000 0.000000 0.000000 0.000000 0.000000 0.007908 0.000000 0.000000
39100.000000 0.000000 0.000000 0.000000 0.000000 0.000000 0.007577 0.000000 0.000000
39200.000000 0.000000 0.000000 0.000000 0.000000 0.000000 0.007770 0.000000 0.000000
39300.000000 0.000000 0.000000 0.000000 0.000000 0.000000 0.008463 0.000000 0.000000
39400.000000 0.000000 0.000000 0.000000 0.000000 0.000000 0.008659 0.000000 0.000000
39500.000000 0.000000 0.000000 0.000000 0.000000 0.000000 0.008419 0.000000 0.000000
39600.000000 0.000000 0.000000 0.000000 0.000000 0.000000 0.007825 0.000000 0.000000
39700.000000 0.000000 0.000000 0.000000 0.000000 0.000000 0.006390 0.000000 0.000000
39800.000000 0.000000 0.000000 0.000000 0.000000 0.000000 0.007240 0.000000 0.000000
39900.000000 0.000000 0.000000 0.000000 0.000000 0.000000 0.007357 0.000000 0.000000
40000.000000 0.000000 0.000000 0.000000 0.000000 0.000000 0.007167 0.000000 0.000000
40100.000000 0.000000 0.000000 0.000000 0.000000 0.000000 0.007418 0.000000 0.000000
40200.000000 0.000000 0.000000 0.000000 0.000000 0.000000 0.008071 0.000000 0.000000
40300.000000 0.000000 0.000000 0.000000 0.000000 0.000000 0.007822 0.000000 0.000000
40400.000000 0.000000 0.000000 0.000000 0.000000 0.000000 0.008706 0.000000 0.000000
40500.000000 0.000000 0.000000 0.000000 0.000000 0.000000 0.009965 0.000000 0.000000
40600.000000 0.000000 0.000000 0.000000 0.000000 0.000000 0.010493 0.000000 0.000000
40700.000000 0.000000 0.000000 0.000000 0.000000 0.000000 0.010766 0.000000 0.000000
40800.000000 0.000000 0.000000 0.000000 0.000000 0.000000 0.011274 0.000000 0.000000
40900.000000 0.000000 0.000000 0.000000 0.000000 0.000000 0.010872 0.000000 0.000000
41000.000000 0.000000 0.000000 0.000000 0.000000 0.000000 0.011517 0.000000 0.000000
41100.000000 0.000000 0.000000 0.000000 0.000000 0.000000 0.011174 0.000000 0.000000
41200.000000 0.000000 0.000000 0.000000 0.000000 0.000000 0.010984 0.000000 0.000000
41300.000000 0.000000 0.000000 0.000000 0.000000 0.000000 0.011878 0.000000 0.000000
41400.000000 0.000000 0.000000 0.000000 0.000000 0.000000 0.012837 0.000000 0.000000
41500.000000 0.000000 0.000000 0.000000 0.000000 0.000000 0.012699 0.000000 0.000000
41600.000000 0.000000 0.000000 0.000000 0.000000 0.000000 0.012880 0.000000 0.000000
41700.000000 0.000000 0.000000 0.000000 0.000000 0.000000 0.012196 0.000000 0.000000
41800.000000 0.000000 0.000000 0.000000 0.000000 0.000000 0.012183 0.000000 0.000000
41900.000000 0.000000 0.000000 0.000000 0.000000 0.000000 0.012892 0.000000 0.000000
42000.000000 0.000000 0.000000 0.000000 0.000000 0.000000 0.012821 0.000000 0.000000
42100.000000 0.000000 0.000000 0.000000 0.000000 0.000000 0.013331 0.000000 0.000000
42200.000000 0.000000 0.000000 0.000000 0.000000 0.000000 0.013228 0.000000 0.000000
42300.000000 0.000000 0.000000 0.000000 0.000000 0.000000 0.013716 0.000000 0.000000
42400.000000 0.000000 0.000000 0.000000 0.000000 0.000000 0.014329 0.000000 0.000000
42500.000000 0.000000 0.000000 0.000000 0.000000 0.000000 0.013698 0.000000 0.000000
42600.000000 0.000000 0.000000 0.000000 0.000000 0.000000 0.014415 0.000000 0.000000
42700.000000 0.000000 0.000000 0.000000 0.000000 0.000000 0.014914 0.000000 0.000000
42800.000000 0.000000 0.000000 0.000000 0.000000 0.000000 0.015695 0.000000 0.000000
42900.000000 0.000000 0.000000 0.000000 0.000000 0.000000 0.015628 0.000000 0.000000
43000.000000 0.000000 0.000000 0.000000 0.000000 0.000000 0.015315 0.000000 0.000000
43100.000000 0.000000 0.000000 0.000000 0.000000 0.000000 0.015614 0.000000 0.000000
43200.000000 0.000000 0.000000 0.000000 0.000000 0.000000 0.016917 0.000000 0.000000
43300.000000 0.000000 0.000000 0.000000 0.000000 0.000000 0.017407 0.000000 0.000000
43400.000000 0.000000 0.000000 0.000000 0.000000 0.000000 0.017041 0.000000 0.000000
43500.000000 0.000000 0.000000 0.000000 0.000000 0.000000 0.017074 0.000000 0.000000
43600.000000 0.000000 0.000000 0.000000 0.000000 0.000000 0.017028 0.000000 0.000000
43700.000000 0.000000 0.000000 0.000000 0.000000 0.000000 0.017594 0.000000 0.000000
43800.000000 0.000000 0.000000 0.000000 0.000000 0.000000 0.017026 0.000000 0.000000
43900.000000 0.000000 0.000000 0.000000 0.000000 0.000000 0.016854 0.000000 0.000000
44000.000000 0.000000 0.000000 0.000000 0.000000 0.000000 0.016416 0.000000 0.000000
44100.000000 0.000000 0.000000 0.000000 0.000000 0.000000 0.017456 0.000000 0.000000
44200.000000 0.000000 0.000000 0.000000 0.000000 0.000000 0.017255 0.000000 0.000000
44300.000000 0.000000 0.000000 0.000000 0.000000 0.000000 0.017073 0.000000 0.000000
44400.000000 0.000000 0.000000 0.000000 0.000000 0.000000 0.016190 0.000000 0.000000
44500.000000 0.000000 0.000000 0.000000 0.000000 0.000000 0.015295 0.000000 0.000000
44600.000000 0.000000 0.000000 0.000000 0.000000 0.000000 0.014005 0.000000 0.000000
44700.000000 0.000000 0.000000 0.000000 0.000000 0.000000 0.013744 0.000000 0.000000
44800.000000 0.000000 0.000000 0.000000 0.000000 0.000000 0.012359 0.000000 0.000000
44900.000000 0.000000 0.000000 0.000000 0.000000 0.000000 0.012165 0.000000 0.000000
45000.000000 0.000000 0.000000 0.000000 0.000000 0.000000 0.011246 0.000000 0.000000
45100.000000 0.000000 0.000000 0.000000 0.000000 0.000000 0.010335 0.000000 0.000000
45200.000000 0.000000 0.000000 0.000000 0.000000 0.000000 0.010038 0.000000 0.000000
45300.000000 0.000000 0.000000 0.000000 0.000000 0.000000 0.009457 0.000000 0.000000
45400.000000 0.000000 0.000000 0.000000 0.000000 0.000000 0.009198 0.000000 0.000000
45500.000000 0.000000 0.000000 0.000000 0.000000 0.000000 0.008778 0.000000 0.000000
45600.000000 0.000000 0.000000 0.000000 0.000000 0.000000 0.008070 0.000000 0.000000
45700.000000 0.000000 0.000000 0.000000 0.000000 0.000000 0.007164 0.000000 0.000000
45800.000000 0.000000 0.000000 0.000000 0.000000 0.000000 0.006185 0.000000 0.000000
45900.000000 0.000000 0.000000 0.000000 0.000000 0.000000 0.005925 0.000000 0.000000
46000.000000 0.000000 0.000000 0.000000 0.000000 0.000000 0.006180 0.000000 0.000000
46100.000000 0.000000 0.000000 0.000000 0.000000 0.000000 0.005683 0.000000 0.000000
46200.000000 0.000000 0.000000 0.000000 0.000000 0.000000 0.006515 0.000000 0.000000
46300.000000 0.000000 0.000000 0.000000 0.000000 0.000000 0.007320 0.000000 0.000000
46400.000000 0.000000 0.000000 0.000000 0.000000 0.000000 0.006899 0.000000 0.000000
46500.000000 0.000000 0.000000 0.000000 0.000000 0.000000 0.008025 0.000000 0.000000
46600.000000 0.000000 0.000000 0.000000 0.000000 0.000000 0.008125 0.000000 0.000000
46700.000000 0.000000 0.000000 0.000000 0.000000 0.000000 0.008223 0.000000 0.000000
46800.000000 0.000000 0.000000 0.000000 0.000000 0.000000 0.009011 0.000000 0.000000
46900.000000 0.000000 0.000000 0.000000 0.000000 0.000000 0.009781 0.000000 0.000000
47000.000000 0.000000 0.000000 0.000000 0.000000 0.000000 0.010213 0.000000 0.000000
47100.000000 0.000000 0.000000 0.000000 0.000000 0.000000 0.009877 0.000000 0.000000
47200.000000 0.000000 0.000000 0.000000 0.000000 0.000000 0.009242 0.000000 0.000000
47300.000000 0.000000 0.000000 0.000000 0.000000 0.000000 0.008693 0.000000 0.000000
47400.000000 0.000000 0.000000 0.000000 0.000000 0.000000 0.009698 0.000000 0.000000
47500.000000 0.000000 0.000000 0.000000 0.000000 0.000000 0.009412 0.000000 0.000000
47600.000000 0.000000 0.000000 0.000000 0.000000 0.000000 0.008158 0.000000 0.000000
47700.000000 0.000000 0.000000 0.000000 0.000000 0.000000 0.007590 0.000000 0.000000
47800.000000 0.000000 0.000000 0.000000 0.000000 0.000000 0.007676 0.000000 0.000000
47900.000000 0.000000 0.000000 0.000000 0.000000 0.000000 0.007255 0.000000 0.000000
48000.000000 0.000000 0.000000 0.000000 0.000000 0.000000 0.007276 0.000000 0.000000
48100.000000 0.000000 0.000000 0.000000 0.000000 0.000000 0.006355 0.000000 0.000000
48200.000000 0.000000 0.000000 0.000000 0.000000 0.000000 0.006191 0.000000 0.000000
48300.000000 0.000000 0.000000 0.000000 0.000000 0.000000 0.006080 0.000000 0.000000
48400.000000 0.000000 0.000000 0.000000 0.000000 0.000000 0.005844 0.000000 0.000000
48500.000000 0.000000 0.000000 0.000000 0.000000 0.000000 0.006183 0.000000 0.000000
48600.000000 0.000000 0.000000 0.000000 0.000000 0.000000 0.006002 0.000000 0.000000
48700.000000 0.000000 0.000000 0.000000 0.000000 0.000000 0.005083 0.000000 0.000000
48800.000000 0.000000 0.000000 0.000000 0.000000 0.000000 0.004778 0.000000 0.000000
48900.000000 0.000000 0.000000 0.000000 0.000000 0.000000 0.004530 0.000000 0.000000
49000.000000 0.000000 0.000000 0.000000 0.000000 0.000000 0.003947 0.000000 0.000000
49100.000000 0.000000 0.000000 0.000000 0.000000 0.000000 0.003733 0.000000 0.000000
49200.000000 0.000000 0.000000 0.000000 0.000000 0.000000 0.003794 0.000000 0.000000
49300.000000 0.000000 0.000000 0.000000 0.000000 0.000000 0.005027 0.000000 0.000000
49400.000000 0.000000 0.000000 0.000000 0.000000 0.000000 0.004163 0.000000 0.000000
49500.000000 0.000000 0.000000 0.000000 0.000000 0.000000 0.004358 0.000000 0.000000
49600.000000 0.000000 0.000000 0.000000 0.000000 0.000000 0.004477 0.000000 0.000000
49700.000000 0.000000 0.000000 0.000000 0.000000 0.000000 0.004893 0.000000 0.000000
49800.000000 0.000000 0.000000 0.000000 0.000000 0.000000 0.004219 0.000000 0.000000
49900.000000 0.000000 0.000000 0.000000 0.000000 0.000000 0.003849 0.000000 0.000000
50000.000000 0.000000 0.000000 0.000000 0.000000 0.000000 0.003637 0.000000 0.000000
