#-t-MSD1-MSD2-MSDCR1-MSDCR2-survive-Fkv-Fkvv-FkvvCR
100.000000 1.450122 0.000000 1.290610 0.000000 0.772487 0.649489 0.207645 0.237254
200.000000 2.342435 0.192705 1.949813 0.194470 0.670041 0.507787 0.087607 0.119613
300.000000 3.129298 0.387225 2.525815 0.394301 0.585089 0.411067 0.040851 0.065774
400.000000 3.863423 0.576957 3.077699 0.588913 0.511842 0.339443 0.020296 0.037642
500.000000 4.563810 0.763384 3.618959 0.779160 0.448493 0.284046 0.010573 0.022106
600.000000 5.234408 0.946616 4.150586 0.966106 0.393545 0.240379 0.005761 0.013315
700.000000 5.892320 1.127858 4.680604 1.150624 0.345602 0.205306 0.003235 0.008123
800.000000 6.531883 1.306961 5.206379 1.332803 0.303766 0.176836 0.001881 0.005010
900.000000 7.155461 1.483950 5.726859 1.512295 0.267191 0.153546 0.001134 0.003130
1000.000000 7.764327 1.658680 6.239213 1.689177 0.235165 0.134544 0.000711 0.001988
1100.000000 8.368221 1.832952 6.756741 1.865468 0.207024 0.116949 0.000457 0.001269
1200.000000 8.965347 2.006140 7.275488 2.040541 0.182377 0.102277 0.000308 0.000826
1300.000000 9.543567 2.179661 7.782036 2.214882 0.160745 0.090023 0.000215 0.000551
1400.000000 10.119770 2.351935 8.293324 2.387683 0.141772 0.079688 0.000158 0.000374
1500.000000 10.691191 2.522825 8.802138 2.558916 0.125118 0.070350 0.000119 0.000257
1600.000000 11.264782 2.695051 9.318767 2.731446 0.110482 0.061182 0.000091 0.000181
1700.000000 11.833102 2.863713 9.835031 2.900232 0.097576 0.051568 0.000072 0.000128
1800.000000 12.395352 3.030511 10.344919 3.067536 0.086193 0.044856 0.000059 0.000095
1900.000000 12.947080 3.198336 10.848358 3.235404 0.076205 0.038496 0.000048 0.000072
2000.000000 13.507354 3.364728 11.366554 3.402013 0.067366 0.034100 0.000040 0.000055
2100.000000 14.067918 3.528217 11.885194 3.566158 0.059574 0.030071 0.000033 0.000044
2200.000000 14.605937 3.691726 12.391549 3.730401 0.052734 0.025496 0.000029 0.000035
2300.000000 15.140504 3.856645 12.887065 3.896905 0.046700 0.021192 0.000024 0.000028
2400.000000 15.664414 4.020553 13.380312 4.062838 0.041346 0.019284 0.000021 0.000023
2500.000000 16.157095 4.183531 13.852778 4.226972 0.036618 0.015927 0.000019 0.000020
2600.000000 16.659780 4.348065 14.348613 4.390750 0.032453 0.015359 0.000016 0.000017
2700.000000 17.131050 4.510712 14.808277 4.556120 0.028758 0.013548 0.000014 0.000014
2800.000000 17.631839 4.670564 15.285409 4.715059 0.025516 0.013609 0.000012 0.000012
2900.000000 18.072011 4.827295 15.714356 4.870687 0.022623 0.013135 0.000011 0.000011
3000.000000 18.533267 4.982110 16.147966 5.023010 0.020102 0.011650 0.000010 0.000009
3100.000000 19.001349 5.141818 16.597430 5.178900 0.017866 0.009715 0.000008 0.000008
3200.000000 19.451014 5.305178 17.038848 5.339201 0.015892 0.007908 0.000008 0.000008
3300.000000 19.888909 5.465889 17.463418 5.494849 0.014123 0.007579 0.000007 0.000007
3400.000000 20.316749 5.628211 17.879513 5.654128 0.012550 0.006638 0.000006 0.000006
3500.000000 20.745828 5.781532 18.296170 5.808279 0.011148 0.005466 0.000005 0.000005
3600.000000 21.182258 5.933305 18.721024 5.959911 0.009914 0.003396 0.000005 0.000004
3700.000000 21.585010 6.090343 19.105618 6.113630 0.008806 0.001975 0.000004 0.000004
3800.000000 21.988519 6.252886 19.499341 6.272946 0.007817 0.001487 0.000004 0.000004
3900.000000 22.389854 6.422632 19.879519 6.444450 0.006943 0.000969 0.000003 0.000003
4000.000000 22.786006 6.592301 20.272158 6.615387 0.006169 0.001106 0.000003 0.000003
4100.000000 23.195533 6.759490 20.671873 6.782400 0.005486 0.000540 0.000002 0.000003
4200.000000 23.653555 6.914222 21.088081 6.936144 0.004873 0.000147 0.000002 0.000002
4300.000000 24.063108 7.062864 21.445317 7.087036 0.004331 -0.000435 0.000002 0.000002
4400.000000 24.501625 7.200708 21.838195 7.218249 0.003844 -0.000495 0.000002 0.000002
4500.000000 24.969368 7.332429 22.222262 7.347586 0.003417 0.000556 0.000002 0.000002
4600.000000 25.430598 7.458715 22.596863 7.466790 0.003037 -0.000936 0.000001 0.000001
4700.000000 25.968663 7.622021 23.088874 7.626704 0.002701 -0.000844 0.000001 0.000001
4800.000000 26.495336 7.777411 23.557181 7.776795 0.002404 -0.001138 0.000001 0.000001
4900.000000 26.810561 7.928254 23.847731 7.925837 0.002134 0.000535 0.000001 0.000001
5000.000000 27.360061 8.074667 24.373798 8.064420 0.001889 0.000827 0.000001 0.000001
5100.000000 27.846754 8.242268 24.802033 8.228171 0.001670 0.001688 0.000001 0.000001
5200.000000 28.419339 8.404121 25.351366 8.384974 0.001473 0.001185 0.000001 0.000001
5300.000000 28.970509 8.567156 25.862905 8.548406 0.001298 0.000429 0.000001 0.000001
5400.000000 29.572484 8.705962 26.461154 8.683255 0.001149 -0.001373 0.000001 0.000001
5500.000000 30.076694 8.889213 26.943542 8.852354 0.001010 -0.000064 0.000000 0.000000
5600.000000 30.531454 9.026880 27.431285 8.978591 0.000888 -0.000463 0.000000 0.000000
5700.000000 31.367796 9.148646 28.155608 9.096529 0.000777 -0.000224 0.000000 0.000000
5800.000000 31.990723 9.270037 28.700556 9.223698 0.000683 0.000628 0.000000 0.000000
5900.000000 32.400633 9.390089 29.126549 9.337302 0.000602 0.001926 0.000000 0.000000
6000.000000 32.791408 9.432531 29.562982 9.375988 0.000531 0.003032 0.000000 0.000000
6100.000000 33.500807 9.494738 30.120704 9.446829 0.000469 0.003302 0.000000 0.000000
6200.000000 34.193337 9.456467 30.857196 9.413240 0.000414 0.004208 0.000000 0.000000
6300.000000 34.853990 9.626447 31.433333 9.599354 0.000369 0.003957 0.000000 0.000000
6400.000000 35.246091 9.803621 31.878049 9.769910 0.000328 0.004354 0.000000 0.000000
6500.000000 35.492814 9.952099 32.434626 9.931324 0.000294 0.005712 0.000000 0.000000
6600.000000 35.320785 10.096343 32.492631 10.089182 0.000261 0.006064 0.000000 0.000000
6700.000000 35.482258 10.242981 32.913057 10.221979 0.000232 0.006976 0.000000 0.000000
6800.000000 35.724430 10.395937 33.273582 10.345702 0.000206 0.007365 0.000000 0.000000
6900.000000 36.128216 10.670214 33.840833 10.602944 0.000184 0.007259 0.000000 0.000000
7000.000000 36.172564 10.870534 33.994313 10.755241 0.000165 0.007541 0.000000 0.000000
7100.000000 36.251114 11.198129 34.262667 11.066061 0.000147 0.007066 0.000000 0.000000
7200.000000 37.188328 11.551972 35.247586 11.404026 0.000131 0.005609 0.000000 0.000000
7300.000000 37.723363 11.982185 35.957976 11.829621 0.000115 0.005108 0.000000 0.000000
7400.000000 37.823135 12.321922 36.420166 12.179894 0.000100 0.004914 0.000000 0.000000
7500.000000 37.998101 12.669204 37.012156 12.534176 0.000087 0.005063 0.000000 0.000000
7600.000000 36.758201 12.978820 36.165438 12.913509 0.000077 0.004501 0.000000 0.000000
7700.000000 33.837920 13.107720 33.890267 13.152483 0.000067 0.004094 0.000000 0.000000
7800.000000 32.474197 13.224224 32.786466 13.341998 0.000059 0.002118 0.000000 0.000000
7900.000000 32.472819 13.325876 32.782049 13.485499 0.000051 0.001733 0.000000 0.000000
8000.000000 31.628146 13.264263 32.215769 13.468296 0.000045 0.000794 0.000000 0.000000
8100.000000 31.783575 12.857496 32.064261 13.168151 0.000040 0.000624 0.000000 0.000000
8200.000000 31.974972 12.526988 32.060156 12.852729 0.000034 -0.000238 0.000000 0.000000
8300.000000 32.404822 12.785194 32.404966 13.176533 0.000030 -0.000109 0.000000 0.000000
8400.000000 33.260033 12.345784 33.115254 12.777395 0.000027 -0.001025 0.000000 0.000000
8500.000000 33.094033 11.713858 32.832827 12.213672 0.000024 -0.000021 0.000000 0.000000
8600.000000 33.886719 11.777575 33.117949 12.317061 0.000021 -0.001007 0.000000 0.000000
8700.000000 33.657018 11.934186 32.468081 12.661539 0.000019 0.000249 0.000000 0.000000
8800.000000 34.462410 12.519008 33.290197 13.296067 0.000017 0.000995 0.000000 0.000000
8900.000000 34.644218 12.413825 34.006164 13.262387 0.000015 0.002755 0.000000 0.000000
9000.000000 34.607330 12.117675 34.213859 12.947944 0.000013 0.002119 0.000000 0.000000
9100.000000 34.538370 11.663599 34.635657 12.520768 0.000011 0.003054 0.000000 0.000000
9200.000000 33.416086 11.039245 34.034591 12.060341 0.000010 0.003542 0.000000 0.000000
9300.000000 30.899573 10.125862 32.621492 11.276946 0.000008 0.002815 0.000000 0.000000
9400.000000 30.210013 9.627689 33.282266 10.969167 0.000007 0.003447 0.000000 0.000000
9500.000000 28.613954 9.038939 33.761913 10.414919 0.000007 0.004011 0.000000 0.000000
9600.000000 26.513552 8.595465 32.612524 9.945490 0.000006 0.003851 0.000000 0.000000
9700.000000 23.825797 7.985689 31.603577 9.616393 0.000005 0.003158 0.000000 0.000000
9800.000000 24.506784 7.620279 31.864410 9.413772 0.000004 0.002276 0.000000 0.000000
9900.000000 24.840680 7.097124 31.847565 9.016909 0.000004 0.003042 0.000000 0.000000
10000.000000 27.610558 6.939774 35.668263 8.674827 0.000003 0.003064 0.000000 0.000000
10100.000000 28.530435 5.740918 35.897890 7.466106 0.000002 0.003915 0.000000 0.000000
10200.000000 23.898808 3.742824 30.798073 5.318351 0.000002 0.001687 0.000000 0.000000
10300.000000 20.686251 3.334929 27.378910 4.607404 0.000002 0.001001 0.000000 0.000000
10400.000000 20.028953 3.334929 27.338551 4.580150 0.000001 0.000440 0.000000 0.000000
10500.000000 21.172631 3.334929 31.552558 4.481723 0.000001 -0.000949 0.000000 0.000000
10600.000000 22.530219 3.334929 34.996531 4.596028 0.000001 -0.000884 0.000000 0.000000
10700.000000 25.070654 3.334929 41.271860 4.264459 0.000000 -0.001111 0.000000 0.000000
10800.000000 0.000000 0.000000 0.000000 0.000000 0.000000 -0.000228 0.000000 0.000000
10900.000000 0.000000 0.000000 0.000000 0.000000 0.000000 0.000675 0.000000 0.000000
11000.000000 0.000000 0.000000 0.000000 0.000000 0.000000 0.001473 0.000000 0.000000
11100.000000 0.000000 0.000000 0.000000 0.000000 0.000000 0.002506 0.000000 0.000000
11200.000000 0.000000 0.000000 0.000000 0.000000 0.000000 0.002042 0.000000 0.000000
11300.000000 0.000000 0.000000 0.000000 0.000000 0.000000 0.002392 0.000000 0.000000
11400.000000 0.000000 0.000000 0.000000 0.000000 0.000000 0.002207 0.000000 0.000000
11500.000000 0.000000 0.000000 0.000000 0.000000 0.000000 0.002362 0.000000 0.000000
11600.000000 0.000000 0.000000 0.000000 0.000000 0.000000 0.001540 0.000000 0.000000
11700.000000 0.000000 0.000000 0.000000 0.000000 0.000000 0.001988 0.000000 0.000000
11800.000000 0.000000 0.000000 0.000000 0.000000 0.000000 0.002088 0.000000 0.000000
11900.000000 0.000000 0.000000 0.000000 0.000000 0.000000 0.002908 0.000000 0.000000
12000.000000 0.000000 0.000000 0.000000 0.000000 0.000000 0.003835 0.000000 0.000000
12100.000000 0.000000 0.000000 0.000000 0.000000 0.000000 0.004689 0.000000 0.000000
12200.000000 0.000000 0.000000 0.000000 0.000000 0.000000 0.004727 0.000000 0.000000
12300.000000 0.000000 0.000000 0.000000 0.000000 0.000000 0.004376 0.000000 0.000000
12400.000000 0.000000 0.000000 0.000000 0.000000 0.000000 0.006202 0.000000 0.000000
12500.000000 0.000000 0.000000 0.000000 0.000000 0.000000 0.006936 0.000000 0.000000
12600.000000 0.000000 0.000000 0.000000 0.000000 0.000000 0.007062 0.000000 0.000000
12700.000000 0.000000 0.000000 0.000000 0.000000 0.000000 0.005489 0.000000 0.000000
12800.000000 0.000000 0.000000 0.000000 0.000000 0.000000 0.005303 0.000000 0.000000
12900.000000 0.000000 0.000000 0.000000 0.000000 0.000000 0.002838 0.000000 0.000000
13000.000000 0.000000 0.000000 0.000000 0.000000 0.000000 0.002917 0.000000 0.000000
13100.000000 0.000000 0.000000 0.000000 0.000000 0.000000 0.003987 0.000000 0.000000
13200.000000 0.000000 0.000000 0.000000 0.000000 0.000000 0.004526 0.000000 0.000000
13300.000000 0.000000 0.000000 0.000000 0.000000 0.000000 0.004440 0.000000 0.000000
13400.000000 0.000000 0.000000 0.000000 0.000000 0.000000 0.003831 0.000000 0.000000
13500.000000 0.000000 0.000000 0.000000 0.000000 0.000000 0.003474 0.000000 0.000000
13600.000000 0.000000 0.000000 0.000000 0.000000 0.000000 0.004301 0.000000 0.000000
13700.000000 0.000000 0.000000 0.000000 0.000000 0.000000 0.004745 0.000000 0.000000
13800.000000 0.000000 0.000000 0.000000 0.000000 0.000000 0.005455 0.000000 0.000000
13900.000000 0.000000 0.000000 0.000000 0.000000 0.000000 0.005460 0.000000 0.000000
14000.000000 0.000000 0.000000 0.000000 0.000000 0.000000 0.004387 0.000000 0.000000
14100.000000 0.000000 0.000000 0.000000 0.000000 0.000000 0.004281 0.000000 0.000000
14200.000000 0.000000 0.000000 0.000000 0.000000 0.000000 0.004478 0.000000 0.000000
14300.000000 0.000000 0.000000 0.000000 0.000000 0.000000 0.004823 0.000000 0.000000
14400.000000 0.000000 0.000000 0.000000 0.000000 0.000000 0.004220 0.000000 0.000000
14500.000000 0.000000 0.000000 0.000000 0.000000 0.000000 0.003946 0.000000 0.000000
14600.000000 0.000000 0.000000 0.000000 0.000000 0.000000 0.002348 0.000000 0.000000
14700.000000 0.000000 0.000000 0.000000 0.000000 0.000000 0.001946 0.000000 0.000000
14800.000000 0.000000 0.000000 0.000000 0.000000 0.000000 0.000149 0.000000 0.000000
14900.000000 0.000000 0.000000 0.000000 0.000000 0.000000 -0.000463 0.000000 0.000000
15000.000000 0.000000 0.000000 0.000000 0.000000 0.000000 -0.002106 0.000000 0.000000
15100.000000 0.000000 0.000000 0.000000 0.000000 0.000000 -0.002999 0.000000 0.000000
15200.000000 0.000000 0.000000 0.000000 0.000000 0.000000 -0.004466 0.000000 0.000000
15300.000000 0.000000 0.000000 0.000000 0.000000 0.000000 -0.004601 0.000000 0.000000
15400.000000 0.000000 0.000000 0.000000 0.000000 0.000000 -0.004638 0.000000 0.000000
15500.000000 0.000000 0.000000 0.000000 0.000000 0.000000 -0.005046 0.000000 0.000000
15600.000000 0.000000 0.000000 0.000000 0.000000 0.000000 -0.004881 0.000000 0.000000
15700.000000 0.000000 0.000000 0.000000 0.000000 0.000000 -0.004518 0.000000 0.000000
15800.000000 0.000000 0.000000 0.000000 0.000000 0.000000 -0.003664 0.000000 0.000000
15900.000000 0.000000 0.000000 0.000000 0.000000 0.000000 -0.003554 0.000000 0.000000
16000.000000 0.000000 0.000000 0.000000 0.000000 0.000000 -0.003592 0.000000 0.000000
16100.000000 0.000000 0.000000 0.000000 0.000000 0.000000 -0.002323 0.000000 0.000000
16200.000000 0.000000 0.000000 0.000000 0.000000 0.000000 -0.001540 0.000000 0.000000
16300.000000 0.000000 0.000000 0.000000 0.000000 0.000000 -0.000896 0.000000 0.000000
16400.000000 0.000000 0.000000 0.000000 0.000000 0.000000 -0.000816 0.000000 0.000000
16500.000000 0.000000 0.000000 0.000000 0.000000 0.000000 -0.001195 0.000000 0.000000
16600.000000 0.000000 0.000000 0.000000 0.000000 0.000000 -0.002273 0.000000 0.000000
16700.000000 0.000000 0.000000 0.000000 0.000000 0.000000 -0.002443 0.000000 0.000000
16800.000000 0.000000 0.000000 0.000000 0.000000 0.000000 -0.002410 0.000000 0.000000
16900.000000 0.000000 0.000000 0.000000 0.000000 0.000000 -0.003540 0.000000 0.000000
17000.000000 0.000000 0.000000 0.000000 0.000000 0.000000 -0.004171 0.000000 0.000000
17100.000000 0.000000 0.000000 0.000000 0.000000 0.000000 -0.004249 0.000000 0.000000
17200.000000 0.000000 0.000000 0.000000 0.000000 0.000000 -0.003287 0.000000 0.000000
17300.000000 0.000000 0.000000 0.000000 0.000000 0.000000 -0.002276 0.000000 0.000000
17400.000000 0.000000 0.000000 0.000000 0.000000 0.000000 -0.002787 0.000000 0.000000
17500.000000 0.000000 0.000000 0.000000 0.000000 0.000000 -0.002240 0.000000 0.000000
17600.000000 0.000000 0.000000 0.000000 0.000000 0.000000 -0.002942 0.000000 0.000000
17700.000000 0.000000 0.000000 0.000000 0.000000 0.000000 -0.004258 0.000000 0.000000
17800.000000 0.000000 0.000000 0.000000 0.000000 0.000000 -0.003900 0.000000 0.000000
17900.000000 0.000000 0.000000 0.000000 0.000000 0.000000 -0.004464 0.000000 0.000000
18000.000000 0.000000 0.000000 0.000000 0.000000 0.000000 -0.004087 0.000000 0.000000
18100.000000 0.000000 0.000000 0.000000 0.000000 0.000000 -0.005171 0.000000 0.000000
18200.000000 0.000000 0.000000 0.000000 0.000000 0.000000 -0.005990 0.000000 0.000000
18300.000000 0.000000 0.000000 0.000000 0.000000 0.000000 -0.006544 0.000000 0.000000
18400.000000 0.000000 0.000000 0.000000 0.000000 0.000000 -0.006784 0.000000 0.000000
18500.000000 0.000000 0.000000 0.000000 0.000000 0.000000 -0.006482 0.000000 0.000000
18600.000000 0.000000 0.000000 0.000000 0.000000 0.000000 -0.006178 0.000000 0.000000
18700.000000 0.000000 0.000000 0.000000 0.000000 0.000000 -0.004752 0.000000 0.000000
18800.000000 0.000000 0.000000 0.000000 0.000000 0.000000 -0.003717 0.000000 0.000000
18900.000000 0.000000 0.000000 0.000000 0.000000 0.000000 -0.002273 0.000000 0.000000
19000.000000 0.000000 0.000000 0.000000 0.000000 0.000000 -0.002902 0.000000 0.000000
19100.000000 0.000000 0.000000 0.000000 0.000000 0.000000 -0.003388 0.000000 0.000000
19200.000000 0.000000 0.000000 0.000000 0.000000 0.000000 -0.004770 0.000000 0.000000
19300.000000 0.000000 0.000000 0.000000 0.000000 0.000000 -0.005660 0.000000 0.000000
19400.000000 0.000000 0.000000 0.000000 0.000000 0.000000 -0.004726 0.000000 0.000000
19500.000000 0.000000 0.000000 0.000000 0.000000 0.000000 -0.006996 0.000000 0.000000
19600.000000 0.000000 0.000000 0.000000 0.000000 0.000000 -0.007426 0.000000 0.000000
19700.000000 0.000000 0.000000 0.000000 0.000000 0.000000 -0.005694 0.000000 0.000000
19800.000000 0.000000 0.000000 0.000000 0.000000 0.000000 -0.005139 0.000000 0.000000
19900.000000 0.000000 0.000000 0.000000 0.000000 0.000000 -0.004877 0.000000 0.000000
20000.000000 0.000000 0.000000 0.000000 0.000000 0.000000 -0.003604 0.000000 0.000000
20100.000000 0.000000 0.000000 0.000000 0.000000 0.000000 -0.002559 0.000000 0.000000
20200.000000 0.000000 0.000000 0.000000 0.000000 0.000000 -0.003940 0.000000 0.000000
20300.000000 0.000000 0.000000 0.000000 0.000000 0.000000 -0.004026 0.000000 0.000000
20400.000000 0.000000 0.000000 0.000000 0.000000 0.000000 -0.003030 0.000000 0.000000
20500.000000 0.000000 0.000000 0.000000 0.000000 0.000000 -0.004006 0.000000 0.000000
20600.000000 0.000000 0.000000 0.000000 0.000000 0.000000 -0.003608 0.000000 0.000000
20700.000000 0.000000 0.000000 0.000000 0.000000 0.000000 -0.003342 0.000000 0.000000
20800.000000 0.000000 0.000000 0.000000 0.000000 0.000000 -0.003108 0.000000 0.000000
20900.000000 0.000000 0.000000 0.000000 0.000000 0.000000 -0.003586 0.000000 0.000000
21000.000000 0.000000 0.000000 0.000000 0.000000 0.000000 -0.003910 0.000000 0.000000
21100.000000 0.000000 0.000000 0.000000 0.000000 0.000000 -0.004646 0.000000 0.000000
21200.000000 0.000000 0.000000 0.000000 0.000000 0.000000 -0.004758 0.000000 0.000000
21300.000000 0.000000 0.000000 0.000000 0.000000 0.000000 -0.003561 0.000000 0.000000
21400.000000 0.000000 0.000000 0.000000 0.000000 0.000000 -0.001413 0.000000 0.000000
21500.000000 0.000000 0.000000 0.000000 0.000000 0.000000 -0.000273 0.000000 0.000000
21600.000000 0.000000 0.000000 0.000000 0.000000 0.000000 -0.001506 0.000000 0.000000
21700.000000 0.000000 0.000000 0.000000 0.000000 0.000000 -0.000922 0.000000 0.000000
21800.000000 0.000000 0.000000 0.000000 0.000000 0.000000 -0.002788 0.000000 0.000000
21900.000000 0.000000 0.000000 0.000000 0.000000 0.000000 -0.002795 0.000000 0.000000
22000.000000 0.000000 0.000000 0.000000 0.000000 0.000000 -0.001635 0.000000 0.000000
22100.000000 0.000000 0.000000 0.000000 0.000000 0.000000 -0.000263 0.000000 0.000000
22200.000000 0.000000 0.000000 0.000000 0.000000 0.000000 -0.000187 0.000000 0.000000
22300.000000 0.000000 0.000000 0.000000 0.000000 0.000000 -0.001466 0.000000 0.000000
22400.000000 0.000000 0.000000 0.000000 0.000000 0.000000 -0.001404 0.000000 0.000000
22500.000000 0.000000 0.000000 0.000000 0.000000 0.000000 -0.001350 0.000000 0.000000
22600.000000 0.000000 0.000000 0.000000 0.000000 0.000000 -0.001985 0.000000 0.000000
22700.000000 0.000000 0.000000 0.000000 0.000000 0.000000 -0.002699 0.000000 0.000000
22800.000000 0.000000 0.000000 0.000000 0.000000 0.000000 -0.000768 0.000000 0.000000
22900.000000 0.000000 0.000000 0.000000 0.000000 0.000000 -0.000263 0.000000 0.000000
23000.000000 0.000000 0.000000 0.000000 0.000000 0.000000 0.001677 0.000000 0.000000
23100.000000 0.000000 0.000000 0.000000 0.000000 0.000000 0.004071 0.000000 0.000000
23200.000000 0.000000 0.000000 0.000000 0.000000 0.000000 0.004752 0.000000 0.000000
23300.000000 0.000000 0.000000 0.000000 0.000000 0.000000 0.004613 0.000000 0.000000
23400.000000 0.000000 0.000000 0.000000 0.000000 0.000000 0.003613 0.000000 0.000000
23500.000000 0.000000 0.000000 0.000000 0.000000 0.000000 0.002113 0.000000 0.000000
23600.000000 0.000000 0.000000 0.000000 0.000000 0.000000 0.001468 0.000000 0.000000
23700.000000 0.000000 0.000000 0.000000 0.000000 0.000000 0.001799 0.000000 0.000000
23800.000000 0.000000 0.000000 0.000000 0.000000 0.000000 0.000858 0.000000 0.000000
23900.000000 0.000000 0.000000 0.000000 0.000000 0.000000 -0.000843 0.000000 0.000000
24000.000000 0.000000 0.000000 0.000000 0.000000 0.000000 0.000246 0.000000 0.000000
24100.000000 0.000000 0.000000 0.000000 0.000000 0.000000 0.000699 0.000000 0.000000
24200.000000 0.000000 0.000000 0.000000 0.000000 0.000000 0.002079 0.000000 0.000000
24300.000000 0.000000 0.000000 0.000000 0.000000 0.000000 0.002857 0.000000 0.000000
24400.000000 0.000000 0.000000 0.000000 0.000000 0.000000 0.002809 0.000000 0.000000
24500.000000 0.000000 0.000000 0.000000 0.000000 0.000000 0.002836 0.000000 0.000000
24600.000000 0.000000 0.000000 0.000000 0.000000 0.000000 0.001947 0.000000 0.000000
24700.000000 0.000000 0.000000 0.000000 0.000000 0.000000 0.001433 0.000000 0.000000
24800.000000 0.000000 0.000000 0.000000 0.000000 0.000000 0.001506 0.000000 0.000000
24900.000000 0.000000 0.000000 0.000000 0.000000 0.000000 0.001405 0.000000 0.000000
25000.000000 0.000000 0.000000 0.000000 0.000000 0.000000 0.001162 0.000000 0.000000
25100.000000 0.000000 0.000000 0.000000 0.000000 0.000000 0.002875 0.000000 0.000000
25200.000000 0.000000 0.000000 0.000000 0.000000 0.000000 0.002108 0.000000 0.000000
25300.000000 0.000000 0.000000 0.000000 0.000000 0.000000 0.002589 0.000000 0.000000
25400.000000 0.000000 0.000000 0.000000 0.000000 0.000000 0.002847 0.000000 0.000000
25500.000000 0.000000 0.000000 0.000000 0.000000 0.000000 0.004115 0.000000 0.000000
25600.000000 0.000000 0.000000 0.000000 0.000000 0.000000 0.005138 0.000000 0.000000
25700.000000 0.000000 0.000000 0.000000 0.000000 0.000000 0.006323 0.000000 0.000000
25800.000000 0.000000 0.000000 0.000000 0.000000 0.000000 0.006414 0.000000 0.000000
25900.000000 0.000000 0.000000 0.000000 0.000000 0.000000 0.006867 0.000000 0.000000
26000.000000 0.000000 0.000000 0.000000 0.000000 0.000000 0.004992 0.000000 0.000000
26100.000000 0.000000 0.000000 0.000000 0.000000 0.000000 0.004261 0.000000 0.000000
26200.000000 0.000000 0.000000 0.000000 0.000000 0.000000 0.003593 0.000000 0.000000
26300.000000 0.000000 0.000000 0.000000 0.000000 0.000000 0.003017 0.000000 0.000000
26400.000000 0.000000 0.000000 0.000000 0.000000 0.000000 0.002242 0.000000 0.000000
26500.000000 0.000000 0.000000 0.000000 0.000000 0.000000 0.002482 0.000000 0.000000
26600.000000 0.000000 0.000000 0.000000 0.000000 0.000000 0.003365 0.000000 0.000000
26700.000000 0.000000 0.000000 0.000000 0.000000 0.000000 0.003186 0.000000 0.000000
26800.000000 0.000000 0.000000 0.000000 0.000000 0.000000 0.002357 0.000000 0.000000
26900.000000 0.000000 0.000000 0.000000 0.000000 0.000000 0.002835 0.000000 0.000000
27000.000000 0.000000 0.000000 0.000000 0.000000 0.000000 0.002754 0.000000 0.000000
27100.000000 0.000000 0.000000 0.000000 0.000000 0.000000 0.002511 0.000000 0.000000
27200.000000 0.000000 0.000000 0.000000 0.000000 0.000000 0.002697 0.000000 0.000000
27300.000000 0.000000 0.000000 0.000000 0.000000 0.000000 0.003375 0.000000 0.000000
27400.000000 0.000000 0.000000 0.000000 0.000000 0.000000 0.002851 0.000000 0.000000
27500.000000 0.000000 0.000000 0.000000 0.000000 0.000000 0.003044 0.000000 0.000000
27600.000000 0.000000 0.000000 0.000000 0.000000 0.000000 0.002363 0.000000 0.000000
27700.000000 0.000000 0.000000 0.000000 0.000000 0.000000 0.001537 0.000000 0.000000
27800.000000 0.000000 0.000000 0.000000 0.000000 0.000000 0.000982 0.000000 0.000000
27900.000000 0.000000 0.000000 0.000000 0.000000 0.000000 0.002463 0.000000 0.000000
28000.000000 0.000000 0.000000 0.000000 0.000000 0.000000 0.002805 0.000000 0.000000
28100.000000 0.000000 0.000000 0.000000 0.000000 0.000000 0.002943 0.000000 0.000000
28200.000000 0.000000 0.000000 0.000000 0.000000 0.000000 0.002850 0.000000 0.000000
28300.000000 0.000000 0.000000 0.000000 0.000000 0.000000 0.003006 0.000000 0.000000
28400.000000 0.000000 0.000000 0.000000 0.000000 0.000000 0.002792 0.000000 0.000000
28500.000000 0.000000 0.000000 0.000000 0.000000 0.000000 0.004103 0.000000 0.000000
28600.000000 0.000000 0.000000 0.000000 0.000000 0.000000 0.003957 0.000000 0.000000
28700.000000 0.000000 0.000000 0.000000 0.000000 0.000000 0.004256 0.000000 0.000000
28800.000000 0.000000 0.000000 0.000000 0.000000 0.000000 0.004515 0.000000 0.000000
28900.000000 0.000000 0.000000 0.000000 0.000000 0.000000 0.005005 0.000000 0.000000
29000.000000 0.000000 0.000000 0.000000 0.000000 0.000000 0.004833 0.000000 0.000000
29100.000000 0.000000 0.000000 0.000000 0.000000 0.000000 0.003892 0.000000 0.000000
29200.000000 0.000000 0.000000 0.000000 0.000000 0.000000 0.003603 0.000000 0.000000
29300.000000 0.000000 0.000000 0.000000 0.000000 0.000000 0.002468 0.000000 0.000000
29400.000000 0.000000 0.000000 0.000000 0.000000 0.000000 0.001262 0.000000 0.000000
29500.000000 0.000000 0.000000 0.000000 0.000000 0.000000 -0.000766 0.000000 0.000000
29600.000000 0.000000 0.000000 0.000000 0.000000 0.000000 -0.001221 0.000000 0.000000
29700.000000 0.000000 0.000000 0.000000 0.000000 0.000000 -0.001420 0.000000 0.000000
29800.000000 0.000000 0.000000 0.000000 0.000000 0.000000 -0.000742 0.000000 0.000000
29900.000000 0.000000 0.000000 0.000000 0.000000 0.000000 -0.000586 0.000000 0.000000
30000.000000 0.000000 0.000000 0.000000 0.000000 0.000000 -0.000029 0.000000 0.000000
30100.000000 0.000000 0.000000 0.000000 0.000000 0.000000 0.000037 0.000000 0.000000
30200.000000 0.000000 0.000000 0.000000 0.000000 0.000000 -0.001599 0.000000 0.000000
30300.000000 0.000000 0.000000 0.000000 0.000000 0.000000 -0.002477 0.000000 0.000000
30400.000000 0.000000 0.000000 0.000000 0.000000 0.000000 -0.001586 0.000000 0.000000
30500.000000 0.000000 0.000000 0.000000 0.000000 0.000000 -0.001792 0.000000 0.000000
30600.000000 0.000000 0.000000 0.000000 0.000000 0.000000 -0.001954 0.000000 0.000000
30700.000000 0.000000 0.000000 0.000000 0.000000 0.000000 -0.001350 0.000000 0.000000
30800.000000 0.000000 0.000000 0.000000 0.000000 0.000000 -0.001772 0.000000 0.000000
30900.000000 0.000000 0.000000 0.000000 0.000000 0.000000 -0.002268 0.000000 0.000000
31000.000000 0.000000 0.000000 0.000000 0.000000 0.000000 -0.002336 0.000000 0.000000
31100.000000 0.000000 0.000000 0.000000 0.000000 0.000000 -0.002537 0.000000 0.000000
31200.000000 0.000000 0.000000 0.000000 0.000000 0.000000 -0.003874 0.000000 0.000000
31300.000000 0.000000 0.000000 0.000000 0.000000 0.000000 -0.003718 0.000000 0.000000
31400.000000 0.000000 0.000000 0.000000 0.000000 0.000000 -0.003926 0.000000 0.000000
31500.000000 0.000000 0.000000 0.000000 0.000000 0.000000 -0.003136 0.000000 0.000000
31600.000000 0.000000 0.000000 0.000000 0.000000 0.000000 -0.003951 0.000000 0.000000
31700.000000 0.000000 0.000000 0.000000 0.000000 0.000000 -0.003503 0.000000 0.000000
31800.000000 0.000000 0.000000 0.000000 0.000000 0.000000 -0.004011 0.000000 0.000000
31900.000000 0.000000 0.000000 0.000000 0.000000 0.000000 -0.003311 0.000000 0.000000
32000.000000 0.000000 0.000000 0.000000 0.000000 0.000000 -0.003780 0.000000 0.000000
32100.000000 0.000000 0.000000 0.000000 0.000000 0.000000 -0.004015 0.000000 0.000000
32200.000000 0.000000 0.000000 0.000000 0.000000 0.000000 -0.003850 0.000000 0.000000
32300.000000 0.000000 0.000000 0.000000 0.000000 0.000000 -0.002662 0.000000 0.000000
32400.000000 0.000000 0.000000 0.000000 0.000000 0.000000 -0.002273 0.000000 0.000000
32500.000000 0.000000 0.000000 0.000000 0.000000 0.000000 -0.000347 0.000000 0.000000
32600.000000 0.000000 0.000000 0.000000 0.000000 0.000000 0.001554 0.000000 0.000000
32700.000000 0.000000 0.000000 0.000000 0.000000 0.000000 0.002193 0.000000 0.000000
32800.000000 0.000000 0.000000 0.000000 0.000000 0.000000 0.002447 0.000000 0.000000
32900.000000 0.000000 0.000000 0.000000 0.000000 0.000000 0.003408 0.000000 0.000000
33000.000000 0.000000 0.000000 0.000000 0.000000 0.000000 0.002894 0.000000 0.000000
33100.000000 0.000000 0.000000 0.000000 0.000000 0.000000 0.003293 0.000000 0.000000
33200.000000 0.000000 0.000000 0.000000 0.000000 0.000000 0.003622 0.000000 0.000000
33300.000000 0.000000 0.000000 0.000000 0.000000 0.000000 0.004828 0.000000 0.000000
33400.000000 0.000000 0.000000 0.000000 0.000000 0.000000 0.006144 0.000000 0.000000
33500.000000 0.000000 0.000000 0.000000 0.000000 0.000000 0.007381 0.000000 0.000000
33600.000000 0.000000 0.000000 0.000000 0.000000 0.000000 0.006495 0.000000 0.000000
33700.000000 0.000000 0.000000 0.000000 0.000000 0.000000 0.005194 0.000000 0.000000
33800.000000 0.000000 0.000000 0.000000 0.000000 0.000000 0.005064 0.000000 0.000000
33900.000000 0.000000 0.000000 0.000000 0.000000 0.000000 0.004338 0.000000 0.000000
34000.000000 0.000000 0.000000 0.000000 0.000000 0.000000 0.005247 0.000000 0.000000
34100.000000 0.000000 0.000000 0.000000 0.000000 0.000000 0.004181 0.000000 0.000000
34200.000000 0.000000 0.000000 0.000000 0.000000 0.000000 0.004176 0.000000 0.000000
34300.000000 0.000000 0.000000 0.000000 0.000000 0.000000 0.003489 0.000000 0.000000
34400.000000 0.000000 0.000000 0.000000 0.000000 0.000000 0.004115 0.000000 0.000000
34500.000000 0.000000 0.000000 0.000000 0.000000 0.000000 0.004225 0.000000 0.000000
34600.000000 0.000000 0.000000 0.000000 0.000000 0.000000 0.003267 0.000000 0.000000
34700.000000 0.000000 0.000000 0.000000 0.000000 0.000000 0.003421 0.000000 0.000000
34800.000000 0.000000 0.000000 0.000000 0.000000 0.000000 0.003907 0.000000 0.000000
34900.000000 0.000000 0.000000 0.000000 0.000000 0.000000 0.004359 0.000000 0.000000
35000.000000 0.000000 0.000000 0.000000 0.000000 0.000000 0.004056 0.000000 0.000000
35100.000000 0.000000 0.000000 0.000000 0.000000 0.000000 0.003944 0.000000 0.000000
35200.000000 0.000000 0.000000 0.000000 0.000000 0.000000 0.003471 0.000000 0.000000
35300.000000 0.000000 0.000000 0.000000 0.000000 0.000000 0.001712 0.000000 0.000000
35400.000000 0.000000 0.000000 0.000000 0.000000 0.000000 0.001776 0.000000 0.000000
35500.000000 0.000000 0.000000 0.000000 0.000000 0.000000 0.000915 0.000000 0.000000
35600.000000 0.000000 0.000000 0.000000 0.000000 0.000000 -0.000016 0.000000 0.000000
35700.000000 0.000000 0.000000 0.000000 0.000000 0.000000 -0.000803 0.000000 0.000000
35800.000000 0.000000 0.000000 0.000000 0.000000 0.000000 -0.000330 0.000000 0.000000
35900.000000 0.000000 0.000000 0.000000 0.000000 0.000000 0.000071 0.000000 0.000000
36000.000000 0.000000 0.000000 0.000000 0.000000 0.000000 -0.000420 0.000000 0.000000
36100.000000 0.000000 0.000000 0.000000 0.000000 0.000000 -0.000774 0.000000 0.000000
36200.000000 0.000000 0.000000 0.000000 0.000000 0.000000 0.000724 0.000000 0.000000
36300.000000 0.000000 0.000000 0.000000 0.000000 0.000000 0.001867 0.000000 0.000000
36400.000000 0.000000 0.000000 0.000000 0.000000 0.000000 0.003719 0.000000 0.000000
36500.000000 0.000000 0.000000 0.000000 0.000000 0.000000 0.003254 0.000000 0.000000
36600.000000 0.000000 0.000000 0.000000 0.000000 0.000000 0.003004 0.000000 0.000000
36700.000000 0.000000 0.000000 0.000000 0.000000 0.000000 0.003484 0.000000 0.000000
36800.000000 0.000000 0.000000 0.000000 0.000000 0.000000 0.002348 0.000000 0.000000
36900.000000 0.000000 0.000000 0.000000 0.000000 0.000000 0.003762 0.000000 0.000000
37000.000000 0.000000 0.000000 0.000000 0.000000 0.000000 0.002303 0.000000 0.000000
37100.000000 0.000000 0.000000 0.000000 0.000000 0.000000 0.002181 0.000000 0.000000
37200.000000 0.000000 0.000000 0.000000 0.000000 0.000000 0.002578 0.000000 0.000000
37300.000000 0.000000 0.000000 0.000000 0.000000 0.000000 0.003215 0.000000 0.000000
37400.000000 0.000000 0.000000 0.000000 0.000000 0.000000 0.002453 0.000000 0.000000
37500.000000 0.000000 0.000000 0.000000 0.000000 0.000000 0.002011 0.000000 0.000000
37600.000000 0.000000 0.000000 0.000000 0.000000 0.000000 0.002909 0.000000 0.000000
37700.000000 0.000000 0.000000 0.000000 0.000000 0.000000 0.003557 0.000000 0.000000
37800.000000 0.000000 0.000000 0.000000 0.000000 0.000000 0.002165 0.000000 0.000000
37900.000000 0.000000 0.000000 0.000000 0.000000 0.000000 0.002352 0.000000 0.000000
38000.000000 0.000000 0.000000 0.000000 0.000000 0.000000 0.000839 0.000000 0.000000
38100.000000 0.000000 0.000000 0.000000 0.000000 0.000000 -0.000230 0.000000 0.000000
38200.000000 0.000000 0.000000 0.000000 0.000000 0.000000 -0.001960 0.000000 0.000000
38300.000000 0.000000 0.000000 0.000000 0.000000 0.000000 -0.002337 0.000000 0.000000
38400.000000 0.000000 0.000000 0.000000 0.000000 0.000000 -0.002415 0.000000 0.000000
38500.000000 0.000000 0.000000 0.000000 0.000000 0.000000 -0.003056 0.000000 0.000000
38600.000000 0.000000 0.000000 0.000000 0.000000 0.000000 -0.003612 0.000000 0.000000
38700.000000 0.000000 0.000000 0.000000 0.000000 0.000000 -0.003301 0.000000 0.000000
38800.000000 0.000000 0.000000 0.000000 0.000000 0.000000 -0.002807 0.000000 0.000000
38900.000000 0.000000 0.000000 0.000000 0.000000 0.000000 -0.002812 0.000000 0.000000
39000.000000 0.000000 0.000000 0.000000 0.000000 0.000000 -0.002114 0.000000 0.000000
39100.000000 0.000000 0.000000 0.000000 0.000000 0.000000 -0.000646 0.000000 0.000000
39200.000000 0.000000 0.000000 0.000000 0.000000 0.000000 0.000473 0.000000 0.000000
39300.000000 0.000000 0.000000 0.000000 0.000000 0.000000 0.000861 0.000000 0.000000
39400.000000 0.000000 0.000000 0.000000 0.000000 0.000000 0.002391 0.000000 0.000000
39500.000000 0.000000 0.000000 0.000000 0.000000 0.000000 0.001746 0.000000 0.000000
39600.000000 0.000000 0.000000 0.000000 0.000000 0.000000 0.002146 0.000000 0.000000
39700.000000 0.000000 0.000000 0.000000 0.000000 0.000000 0.002164 0.000000 0.000000
39800.000000 0.000000 0.000000 0.000000 0.000000 0.000000 0.000692 0.000000 0.000000
39900.000000 0.000000 0.000000 0.000000 0.000000 0.000000 -0.000114 0.000000 0.000000
40000.000000 0.000000 0.000000 0.000000 0.000000 0.000000 0.000422 0.000000 0.000000
40100.000000 0.000000 0.000000 0.000000 0.000000 0.000000 0.001494 0.000000 0.000000
40200.000000 0.000000 0.000000 0.000000 0.000000 0.000000 0.001652 0.000000 0.000000
40300.000000 0.000000 0.000000 0.000000 0.000000 0.000000 0.002398 0.000000 0.000000
40400.000000 0.000000 0.000000 0.000000 0.000000 0.000000 0.003557 0.000000 0.000000
40500.000000 0.000000 0.000000 0.000000 0.000000 0.000000 0.002564 0.000000 0.000000
40600.000000 0.000000 0.000000 0.000000 0.000000 0.000000 0.002245 0.000000 0.000000
40700.000000 0.000000 0.000000 0.000000 0.000000 0.000000 0.001106 0.000000 0.000000
40800.000000 0.000000 0.000000 0.000000 0.000000 0.000000 0.001089 0.000000 0.000000
40900.000000 0.000000 0.000000 0.000000 0.000000 0.000000 0.001574 0.000000 0.000000
41000.000000 0.000000 0.000000 0.000000 0.000000 0.000000 0.001795 0.000000 0.000000
41100.000000 0.000000 0.000000 0.000000 0.000000 0.000000 0.001755 0.000000 0.000000
41200.000000 0.000000 0.000000 0.000000 0.000000 0.000000 0.001392 0.000000 0.000000
41300.000000 0.000000 0.000000 0.000000 0.000000 0.000000 0.000099 0.000000 0.000000
41400.000000 0.000000 0.000000 0.000000 0.000000 0.000000 0.000695 0.000000 0.000000
41500.000000 0.000000 0.000000 0.000000 0.000000 0.000000 0.000626 0.000000 0.000000
41600.000000 0.000000 0.000000 0.000000 0.000000 0.000000 0.002049 0.000000 0.000000
41700.000000 0.000000 0.000000 0.000000 0.000000 0.000000 0.001489 0.000000 0.000000
41800.000000 0.000000 0.000000 0.000000 0.000000 0.000000 0.001995 0.000000 0.000000
41900.000000 0.000000 0.000000 0.000000 0.000000 0.000000 0.001326 0.000000 0.000000
42000.000000 0.000000 0.000000 0.000000 0.000000 0.000000 0.000803 0.000000 0.000000
42100.000000 0.000000 0.000000 0.000000 0.000000 0.000000 0.001105 0.000000 0.000000
42200.000000 0.000000 0.000000 0.000000 0.000000 0.000000 0.000156 0.000000 0.000000
42300.000000 0.000000 0.000000 0.000000 0.000000 0.000000 -0.000413 0.000000 0.000000
42400.000000 0.000000 0.000000 0.000000 0.000000 0.000000 0.000438 0.000000 0.000000
42500.000000 0.000000 0.000000 0.000000 0.000000 0.000000 0.001200 0.000000 0.000000
42600.000000 0.000000 0.000000 0.000000 0.000000 0.000000 0.001947 0.000000 0.000000
42700.000000 0.000000 0.000000 0.000000 0.000000 0.000000 0.002285 0.000000 0.000000
42800.000000 0.000000 0.000000 0.000000 0.000000 0.000000 0.002357 0.000000 0.000000
42900.000000 0.000000 0.000000 0.000000 0.000000 0.000000 0.002332 0.000000 0.000000
43000.000000 0.000000 0.000000 0.000000 0.000000 0.000000 0.002636 0.000000 0.000000
43100.000000 0.000000 0.000000 0.000000 0.000000 0.000000 0.002025 0.000000 0.000000
43200.000000 0.000000 0.000000 0.000000 0.000000 0.000000 0.001637 0.000000 0.000000
43300.000000 0.000000 0.000000 0.000000 0.000000 0.000000 0.001895 0.000000 0.000000
43400.000000 0.000000 0.000000 0.000000 0.000000 0.000000 0.001745 0.000000 0.000000
43500.000000 0.000000 0.000000 0.000000 0.000000 0.000000 0.001681 0.000000 0.000000
43600.000000 0.000000 0.000000 0.000000 0.000000 0.000000 0.002889 0.000000 0.000000
43700.000000 0.000000 0.000000 0.000000 0.000000 0.000000 0.001724 0.000000 0.000000
43800.000000 0.000000 0.000000 0.000000 0.000000 0.000000 0.001928 0.000000 0.000000
43900.000000 0.000000 0.000000 0.000000 0.000000 0.000000 0.002453 0.000000 0.000000
44000.000000 0.000000 0.000000 0.000000 0.000000 0.000000 0.002837 0.000000 0.000000
44100.000000 0.000000 0.000000 0.000000 0.000000 0.000000 0.001672 0.000000 0.000000
44200.000000 0.000000 0.000000 0.000000 0.000000 0.000000 0.000308 0.000000 0.000000
44300.000000 0.000000 0.000000 0.000000 0.000000 0.000000 0.000261 0.000000 0.000000
44400.000000 0.000000 0.000000 0.000000 0.000000 0.000000 0.001006 0.000000 0.000000
44500.000000 0.000000 0.000000 0.000000 0.000000 0.000000 0.002061 0.000000 0.000000
44600.000000 0.000000 0.000000 0.000000 0.000000 0.000000 0.002951 0.000000 0.000000
44700.000000 0.000000 0.000000 0.000000 0.000000 0.000000 0.002474 0.000000 0.000000
44800.000000 0.000000 0.000000 0.000000 0.000000 0.000000 0.002961 0.000000 0.000000
44900.000000 0.000000 0.000000 0.000000 0.000000 0.000000 0.002991 0.000000 0.000000
45000.000000 0.000000 0.000000 0.000000 0.000000 0.000000 0.002951 0.000000 0.000000
45100.000000 0.000000 0.000000 0.000000 0.000000 0.000000 0.003438 0.000000 0.000000
45200.000000 0.000000 0.000000 0.000000 0.000000 0.000000 0.004382 0.000000 0.000000
45300.000000 0.000000 0.000000 0.000000 0.000000 0.000000 0.004078 0.000000 0.000000
45400.000000 0.000000 0.000000 0.000000 0.000000 0.000000 0.003766 0.000000 0.000000
45500.000000 0.000000 0.000000 0.000000 0.000000 0.000000 0.004387 0.000000 0.000000
45600.000000 0.000000 0.000000 0.000000 0.000000 0.000000 0.004650 0.000000 0.000000
45700.000000 0.000000 0.000000 0.000000 0.000000 0.000000 0.004158 0.000000 0.000000
45800.000000 0.000000 0.000000 0.000000 0.000000 0.000000 0.004100 0.000000 0.000000
45900.000000 0.000000 0.000000 0.000000 0.000000 0.000000 0.003019 0.000000 0.000000
46000.000000 0.000000 0.000000 0.000000 0.000000 0.000000 0.002639 0.000000 0.000000
46100.000000 0.000000 0.000000 0.000000 0.000000 0.000000 0.002405 0.000000 0.000000
46200.000000 0.000000 0.000000 0.000000 0.000000 0.000000 0.001744 0.000000 0.000000
46300.000000 0.000000 0.000000 0.000000 0.000000 0.000000 0.002340 0.000000 0.000000
46400.000000 0.000000 0.000000 0.000000 0.000000 0.000000 0.002141 0.000000 0.000000
46500.000000 0.000000 0.000000 0.000000 0.000000 0.000000 0.002887 0.000000 0.000000
46600.000000 0.000000 0.000000 0.000000 0.000000 0.000000 0.003728 0.000000 0.000000
46700.000000 0.000000 0.000000 0.000000 0.000000 0.000000 0.003742 0.000000 0.000000
46800.000000 0.000000 0.000000 0.000000 0.000000 0.000000 0.004251 0.000000 0.000000
46900.000000 0.000000 0.000000 0.000000 0.000000 0.000000 0.005476 0.000000 0.000000
47000.000000 0.000000 0.000000 0.000000 0.000000 0.000000 0.005778 0.000000 0.000000
47100.000000 0.000000 0.000000 0.000000 0.000000 0.000000 0.006198 0.000000 0.000000
47200.000000 0.000000 0.000000 0.000000 0.000000 0.000000 0.006854 0.000000 0.000000
47300.000000 0.000000 0.000000 0.000000 0.000000 0.000000 0.007218 0.000000 0.000000
47400.000000 0.000000 0.000000 0.000000 0.000000 0.000000 0.006803 0.000000 0.000000
47500.000000 0.000000 0.000000 0.000000 0.000000 0.000000 0.006522 0.000000 0.000000
47600.000000 0.000000 0.000000 0.000000 0.000000 0.000000 0.006841 0.000000 0.000000
47700.000000 0.000000 0.000000 0.000000 0.000000 0.000000 0.005730 0.000000 0.000000
47800.000000 0.000000 0.000000 0.000000 0.000000 0.000000 0.005739 0.000000 0.000000
47900.000000 0.000000 0.000000 0.000000 0.000000 0.000000 0.006782 0.000000 0.000000
48000.000000 0.000000 0.000000 0.000000 0.000000 0.000000 0.006568 0.000000 0.000000
48100.000000 0.000000 0.000000 0.000000 0.000000 0.000000 0.005270 0.000000 0.000000
48200.000000 0.000000 0.000000 0.000000 0.000000 0.000000 0.004046 0.000000 0.000000
48300.000000 0.000000 0.000000 0.000000 0.000000 0.000000 0.003487 0.000000 0.000000
48400.000000 0.000000 0.000000 0.000000 0.000000 0.000000 0.003434 0.000000 0.000000
48500.000000 0.000000 0.000000 0.000000 0.000000 0.000000 0.002115 0.000000 0.000000
48600.000000 0.000000 0.000000 0.000000 0.000000 0.000000 0.000448 0.000000 0.000000
48700.000000 0.000000 0.000000 0.000000 0.000000 0.000000 -0.000499 0.000000 0.000000
48800.000000 0.000000 0.000000 0.000000 0.000000 0.000000 -0.001349 0.000000 0.000000
48900.000000 0.000000 0.000000 0.000000 0.000000 0.000000 -0.000767 0.000000 0.000000
49000.000000 0.000000 0.000000 0.000000 0.000000 0.000000 -0.000875 0.000000 0.000000
49100.000000 0.000000 0.000000 0.000000 0.000000 0.000000 -0.000105 0.000000 0.000000
49200.000000 0.000000 0.000000 0.000000 0.000000 0.000000 -0.000639 0.000000 0.000000
49300.000000 0.000000 0.000000 0.000000 0.000000 0.000000 -0.002047 0.000000 0.000000
49400.000000 0.000000 0.000000 0.000000 0.000000 0.000000 -0.001438 0.000000 0.000000
49500.000000 0.000000 0.000000 0.000000 0.000000 0.000000 -0.002648 0.000000 0.000000
49600.000000 0.000000 0.000000 0.000000 0.000000 0.000000 -0.001627 0.000000 0.000000
49700.000000 0.000000 0.000000 0.000000 0.000000 0.000000 -0.002524 0.000000 0.000000
49800.000000 0.000000 0.000000 0.000000 0.000000 0.000000 -0.003269 0.000000 0.000000
49900.000000 0.000000 0.000000 0.000000 0.000000 0.000000 -0.004549 0.000000 0.000000
50000.000000 0.000000 0.000000 0.000000 0.000000 0.000000 -0.003748 0.000000 0.000000
