#-t-MSD1-MSD2-MSDCR1-MSDCR2-survive-Fkv-Fkvv-FkvvCR
100.000000 0.842589 0.000000 0.643997 0.000000 0.983700 0.967143 0.540568 0.621326
200.000000 1.086956 0.020344 0.700702 0.020985 0.979201 0.953313 0.456467 0.594533
300.000000 1.235257 0.041041 0.723903 0.043162 0.974829 0.943412 0.410551 0.581428
400.000000 1.345175 0.061465 0.744390 0.065169 0.970468 0.934948 0.378877 0.569351
500.000000 1.433813 0.081834 0.765098 0.087156 0.966140 0.927704 0.354714 0.557451
600.000000 1.509327 0.102163 0.784499 0.109144 0.961857 0.921328 0.335031 0.546247
700.000000 1.576584 0.122449 0.804008 0.131103 0.957604 0.915610 0.318144 0.535216
800.000000 1.637753 0.142738 0.823730 0.153040 0.953372 0.910272 0.303540 0.524316
900.000000 1.693473 0.162979 0.843247 0.174918 0.949166 0.905520 0.290777 0.513796
1000.000000 1.744029 0.183209 0.862097 0.196788 0.944978 0.900990 0.279470 0.503638
1100.000000 1.790320 0.203483 0.880780 0.218734 0.940819 0.896849 0.269508 0.493816
1200.000000 1.834713 0.223695 0.900337 0.240598 0.936690 0.892773 0.260032 0.483865
1300.000000 1.876550 0.243892 0.919161 0.262428 0.932586 0.889113 0.251346 0.474342
1400.000000 1.916722 0.264072 0.938220 0.284218 0.928503 0.885485 0.243199 0.464915
1500.000000 1.954091 0.284246 0.957583 0.306021 0.924450 0.882043 0.235783 0.455667
1600.000000 1.990790 0.304449 0.976187 0.327820 0.920420 0.878863 0.228937 0.446818
1700.000000 2.026061 0.324644 0.995569 0.349639 0.916409 0.875671 0.222284 0.437851
1800.000000 2.060107 0.344786 1.014809 0.371399 0.912413 0.872771 0.215922 0.429209
1900.000000 2.091312 0.364936 1.033126 0.393133 0.908446 0.870023 0.210286 0.420949
2000.000000 2.121691 0.385112 1.051606 0.414901 0.904504 0.867380 0.204980 0.412825
2100.000000 2.153016 0.405279 1.070596 0.436616 0.900583 0.864876 0.199633 0.404703
2200.000000 2.185384 0.425466 1.090117 0.458276 0.896682 0.862516 0.194206 0.396604
2300.000000 2.215427 0.445650 1.109021 0.480014 0.892805 0.860214 0.189225 0.388855
2400.000000 2.243149 0.465858 1.127696 0.501721 0.888950 0.858131 0.184662 0.381358
2500.000000 2.270636 0.486113 1.147135 0.523546 0.885108 0.856052 0.180348 0.373759
2600.000000 2.298507 0.506305 1.166204 0.545259 0.881285 0.854003 0.176020 0.366377
2700.000000 2.324718 0.526520 1.184830 0.567016 0.877478 0.852028 0.171902 0.359243
2800.000000 2.352440 0.546707 1.204255 0.588761 0.873693 0.850095 0.167904 0.352180
2900.000000 2.380006 0.566881 1.223524 0.610463 0.869929 0.848412 0.163916 0.345260
3000.000000 2.406391 0.587071 1.242466 0.632165 0.866176 0.846648 0.160089 0.338560
3100.000000 2.432303 0.607187 1.261365 0.653794 0.862446 0.845016 0.156494 0.331883
3200.000000 2.459543 0.627301 1.280940 0.675408 0.858752 0.843339 0.152759 0.325300
3300.000000 2.484706 0.647395 1.298992 0.697008 0.855071 0.841770 0.149316 0.319211
3400.000000 2.510666 0.667531 1.318436 0.718620 0.851408 0.840336 0.145925 0.312882
3500.000000 2.536799 0.687653 1.337605 0.740189 0.847756 0.838864 0.142520 0.306764
3600.000000 2.560895 0.707765 1.356326 0.761763 0.844124 0.837438 0.139403 0.300676
3700.000000 2.584487 0.727884 1.375698 0.783332 0.840512 0.835987 0.136408 0.294772
3800.000000 2.607437 0.747949 1.393938 0.804859 0.836926 0.834561 0.133517 0.289163
3900.000000 2.630645 0.767976 1.413444 0.826318 0.833362 0.833189 0.130636 0.283487
4000.000000 2.652662 0.787956 1.432238 0.847729 0.829811 0.831870 0.128011 0.277982
4100.000000 2.674961 0.807886 1.450843 0.869114 0.826273 0.830598 0.125403 0.272632
4200.000000 2.696477 0.827853 1.470094 0.890503 0.822752 0.829460 0.122787 0.267192
4300.000000 2.719132 0.847831 1.489546 0.911886 0.819252 0.828268 0.120300 0.261948
4400.000000 2.740437 0.867826 1.507512 0.933303 0.815766 0.827140 0.117982 0.257015
4500.000000 2.762860 0.887829 1.527206 0.954761 0.812296 0.826061 0.115653 0.251857
4600.000000 2.782132 0.907850 1.544913 0.976202 0.808853 0.824879 0.113522 0.247194
4700.000000 2.804501 0.927857 1.563791 0.997622 0.805421 0.823769 0.111208 0.242424
4800.000000 2.828258 0.947838 1.583061 1.019023 0.802000 0.822634 0.108787 0.237631
4900.000000 2.850740 0.967806 1.601937 1.040348 0.798605 0.821604 0.106567 0.233089
5000.000000 2.874362 0.987749 1.621720 1.061746 0.795222 0.820484 0.104317 0.228485
5100.000000 2.896934 1.007692 1.640721 1.083049 0.791857 0.819404 0.102148 0.224073
5200.000000 2.920505 1.027550 1.660076 1.104334 0.788509 0.818524 0.100029 0.219653
5300.000000 2.942723 1.047461 1.679144 1.125696 0.785178 0.817461 0.098068 0.215465
5400.000000 2.962984 1.067370 1.697274 1.147033 0.781858 0.816614 0.096171 0.211332
5500.000000 2.984192 1.087283 1.716179 1.168317 0.778559 0.815778 0.094361 0.207333
5600.000000 3.003170 1.107209 1.734928 1.189594 0.775265 0.814825 0.092576 0.203258
5700.000000 3.023036 1.127136 1.754256 1.210890 0.771984 0.814046 0.090762 0.199233
5800.000000 3.044740 1.147055 1.773602 1.232181 0.768723 0.813138 0.088910 0.195373
5900.000000 3.063539 1.166918 1.791807 1.253425 0.765476 0.812447 0.087334 0.191660
6000.000000 3.083620 1.186802 1.810950 1.274687 0.762241 0.811687 0.085715 0.187889
6100.000000 3.102343 1.206688 1.829126 1.295956 0.759027 0.810943 0.084135 0.184389
6200.000000 3.121370 1.226566 1.848089 1.317240 0.755831 0.810029 0.082570 0.180744
6300.000000 3.141350 1.246480 1.866881 1.338519 0.752645 0.809129 0.080940 0.177277
6400.000000 3.161247 1.266319 1.885124 1.359749 0.749467 0.808286 0.079416 0.173964
6500.000000 3.180616 1.286221 1.903900 1.380945 0.746315 0.807542 0.077932 0.170655
6600.000000 3.200325 1.306163 1.923599 1.402241 0.743175 0.806886 0.076446 0.167260
6700.000000 3.219988 1.326118 1.941626 1.423473 0.740052 0.806040 0.075098 0.164163
6800.000000 3.239228 1.346053 1.960223 1.444692 0.736939 0.805232 0.073685 0.161012
6900.000000 3.260083 1.366059 1.979412 1.465982 0.733839 0.804380 0.072216 0.157868
7000.000000 3.281103 1.386043 1.998644 1.487198 0.730757 0.803274 0.070758 0.154794
7100.000000 3.299913 1.405936 2.017223 1.508352 0.727686 0.802508 0.069469 0.151907
7200.000000 3.320505 1.425829 2.035380 1.529536 0.724626 0.801641 0.068120 0.149002
7300.000000 3.340086 1.445847 2.054498 1.550789 0.721584 0.800757 0.066931 0.146105
7400.000000 3.361029 1.465831 2.074142 1.572047 0.718554 0.799993 0.065589 0.143200
7500.000000 3.378577 1.485800 2.092448 1.593239 0.715535 0.799404 0.064473 0.140517
7600.000000 3.399019 1.505793 2.111732 1.614354 0.712533 0.798609 0.063223 0.137755
7700.000000 3.420007 1.525824 2.130854 1.635519 0.709549 0.797943 0.062016 0.135117
7800.000000 3.439426 1.545808 2.149928 1.656622 0.706579 0.797450 0.060890 0.132516
7900.000000 3.458377 1.565756 2.168193 1.677631 0.703608 0.797011 0.059834 0.129974
8000.000000 3.477206 1.585811 2.186894 1.698740 0.700659 0.796473 0.058708 0.127410
8100.000000 3.496698 1.605899 2.205586 1.719884 0.697721 0.795862 0.057599 0.124954
8200.000000 3.516529 1.626055 2.224290 1.741100 0.694793 0.795301 0.056528 0.122602
8300.000000 3.535702 1.646120 2.242736 1.762297 0.691878 0.794737 0.055512 0.120297
8400.000000 3.555481 1.666212 2.262057 1.783481 0.688977 0.794290 0.054450 0.117896
8500.000000 3.573745 1.686271 2.279829 1.804556 0.686097 0.793794 0.053530 0.115811
8600.000000 3.593377 1.706335 2.299499 1.825675 0.683232 0.793555 0.052501 0.113495
8700.000000 3.609880 1.726426 2.317779 1.846786 0.680377 0.793212 0.051647 0.111361
8800.000000 3.626887 1.746461 2.336346 1.867895 0.677543 0.792980 0.050760 0.109238
8900.000000 3.644371 1.766389 2.354875 1.888880 0.674718 0.792516 0.049885 0.107166
9000.000000 3.662029 1.786404 2.374014 1.909931 0.671905 0.791980 0.049035 0.105136
9100.000000 3.679955 1.806402 2.392583 1.930951 0.669106 0.791472 0.048188 0.103141
9200.000000 3.699090 1.826424 2.411524 1.952015 0.666317 0.790932 0.047300 0.101169
9300.000000 3.715360 1.846447 2.429408 1.973055 0.663538 0.790550 0.046479 0.099265
9400.000000 3.733466 1.866451 2.448695 1.994085 0.660769 0.790010 0.045666 0.097382
9500.000000 3.752880 1.886401 2.467477 2.015086 0.658016 0.789494 0.044820 0.095465
9600.000000 3.771210 1.906351 2.485329 2.036035 0.655274 0.788661 0.044006 0.093704
9700.000000 3.789224 1.926258 2.504108 2.057002 0.652539 0.788091 0.043225 0.091900
9800.000000 3.806462 1.946180 2.522475 2.077917 0.649822 0.787697 0.042452 0.090169
9900.000000 3.824269 1.966115 2.542081 2.098863 0.647113 0.787250 0.041677 0.088426
10000.000000 3.843715 1.985989 2.561279 2.119691 0.644418 0.786790 0.040847 0.086687
10100.000000 3.862480 2.005876 2.579671 2.140567 0.641736 0.786363 0.040099 0.085101
10200.000000 3.881309 2.025814 2.598796 2.161499 0.639064 0.786033 0.039349 0.083471
10300.000000 3.899280 2.045725 2.616625 2.182346 0.636401 0.785771 0.038633 0.081919
10400.000000 3.919965 2.065711 2.636891 2.203199 0.633751 0.785300 0.037847 0.080287
10500.000000 3.937832 2.085685 2.655809 2.224084 0.631114 0.784764 0.037148 0.078753
10600.000000 3.954067 2.105630 2.674442 2.244896 0.628492 0.784424 0.036545 0.077273
10700.000000 3.972136 2.125532 2.693164 2.265713 0.625878 0.783958 0.035874 0.075856
10800.000000 3.989939 2.145441 2.712258 2.286607 0.623268 0.783692 0.035236 0.074405
10900.000000 4.008210 2.165291 2.731881 2.307315 0.620678 0.783378 0.034569 0.072935
11000.000000 4.023633 2.185121 2.750234 2.328024 0.618105 0.782905 0.034028 0.071544
11100.000000 4.041472 2.204916 2.770248 2.348602 0.615534 0.782739 0.033382 0.070154
11200.000000 4.057495 2.224788 2.788447 2.369345 0.612978 0.782330 0.032821 0.068843
11300.000000 4.072167 2.244628 2.807167 2.390112 0.610431 0.782101 0.032309 0.067581
11400.000000 4.089520 2.264459 2.826536 2.410773 0.607900 0.781909 0.031743 0.066254
11500.000000 4.105338 2.284310 2.844660 2.431496 0.605373 0.781789 0.031214 0.065054
11600.000000 4.122779 2.304129 2.864346 2.452194 0.602855 0.781638 0.030699 0.063784
11700.000000 4.141041 2.323860 2.883613 2.472794 0.600345 0.781391 0.030132 0.062543
11800.000000 4.158994 2.343616 2.902729 2.493349 0.597843 0.781519 0.029618 0.061372
11900.000000 4.177293 2.363260 2.921908 2.513821 0.595352 0.781244 0.029089 0.060208
12000.000000 4.193251 2.382989 2.940391 2.534401 0.592873 0.781155 0.028604 0.059031
12100.000000 4.210793 2.402673 2.959690 2.554940 0.590401 0.781088 0.028098 0.057922
12200.000000 4.226060 2.422378 2.977915 2.575437 0.587943 0.781191 0.027643 0.056826
12300.000000 4.242185 2.442042 2.996855 2.595962 0.585491 0.781125 0.027174 0.055743
12400.000000 4.258881 2.461785 3.015294 2.616568 0.583047 0.781145 0.026757 0.054718
12500.000000 4.274747 2.481454 3.034320 2.637131 0.580614 0.781243 0.026294 0.053666
12600.000000 4.290925 2.501093 3.052623 2.657570 0.578188 0.781194 0.025877 0.052646
12700.000000 4.308279 2.520739 3.071655 2.678028 0.575773 0.781314 0.025419 0.051678
12800.000000 4.322847 2.540383 3.090008 2.698432 0.573373 0.781322 0.025043 0.050725
12900.000000 4.336562 2.560023 3.108304 2.718876 0.570982 0.781466 0.024689 0.049774
13000.000000 4.352340 2.579662 3.127780 2.739300 0.568602 0.781416 0.024285 0.048842
13100.000000 4.367750 2.599346 3.146095 2.759798 0.566234 0.781292 0.023870 0.047917
13200.000000 4.383228 2.618960 3.165103 2.780157 0.563879 0.781184 0.023478 0.046982
13300.000000 4.399992 2.638515 3.184224 2.800472 0.561533 0.781129 0.023089 0.046110
13400.000000 4.414781 2.658206 3.202883 2.820997 0.559197 0.781072 0.022705 0.045252
13500.000000 4.427043 2.677889 3.220732 2.841454 0.556867 0.780916 0.022380 0.044418
13600.000000 4.442657 2.697571 3.240784 2.861929 0.554546 0.781014 0.021980 0.043545
13700.000000 4.456723 2.717323 3.259603 2.882507 0.552236 0.781297 0.021628 0.042726
13800.000000 4.473206 2.737214 3.278705 2.903298 0.549937 0.781449 0.021238 0.041933
13900.000000 4.487694 2.757110 3.297356 2.923992 0.547643 0.781627 0.020919 0.041163
14000.000000 4.503785 2.776956 3.316391 2.944743 0.545366 0.781672 0.020550 0.040362
14100.000000 4.518924 2.796880 3.335287 2.965504 0.543091 0.781616 0.020253 0.039604
14200.000000 4.535947 2.816771 3.354481 2.986166 0.540824 0.781510 0.019907 0.038842
14300.000000 4.554047 2.836687 3.374289 3.006899 0.538565 0.781672 0.019533 0.038078
14400.000000 4.571453 2.856633 3.393437 3.027607 0.536317 0.781954 0.019181 0.037343
14500.000000 4.589220 2.876502 3.412500 3.048212 0.534082 0.782051 0.018826 0.036643
14600.000000 4.604558 2.896475 3.430907 3.069011 0.531852 0.782382 0.018503 0.035957
14700.000000 4.620836 2.916388 3.450474 3.089687 0.529632 0.782658 0.018201 0.035251
14800.000000 4.636553 2.936253 3.468442 3.110381 0.527419 0.782835 0.017903 0.034633
14900.000000 4.652771 2.956145 3.487322 3.130964 0.525218 0.782823 0.017608 0.033958
15000.000000 4.670655 2.975987 3.507789 3.151546 0.523035 0.782718 0.017310 0.033283
15100.000000 4.688269 2.995797 3.526859 3.172100 0.520858 0.782617 0.017009 0.032685
15200.000000 4.704435 3.015665 3.545582 3.192686 0.518686 0.782499 0.016738 0.032039
15300.000000 4.722826 3.035557 3.564767 3.213226 0.516530 0.782269 0.016423 0.031422
15400.000000 4.742002 3.055378 3.584406 3.233724 0.514373 0.782068 0.016134 0.030819
15500.000000 4.759125 3.075236 3.603467 3.254211 0.512228 0.781882 0.015897 0.030276
15600.000000 4.775082 3.094951 3.621889 3.274630 0.510084 0.781491 0.015637 0.029717
15700.000000 4.790972 3.114688 3.641310 3.295097 0.507952 0.781459 0.015371 0.029151
15800.000000 4.806630 3.134466 3.659516 3.315661 0.505830 0.781534 0.015119 0.028622
15900.000000 4.823639 3.154253 3.678900 3.336071 0.503717 0.781709 0.014866 0.028090
16000.000000 4.839063 3.174118 3.698166 3.356455 0.501613 0.781738 0.014615 0.027557
16100.000000 4.856688 3.193926 3.717287 3.376965 0.499513 0.781561 0.014370 0.027053
16200.000000 4.873384 3.213794 3.736043 3.397557 0.497429 0.781479 0.014110 0.026524
16300.000000 4.888781 3.233732 3.756064 3.418144 0.495350 0.781682 0.013873 0.026000
16400.000000 4.904351 3.253691 3.774411 3.438683 0.493284 0.781776 0.013636 0.025535
16500.000000 4.921393 3.273744 3.794552 3.459367 0.491228 0.781824 0.013379 0.025026
16600.000000 4.934797 3.293815 3.812015 3.480028 0.489178 0.782140 0.013168 0.024609
16700.000000 4.951034 3.313922 3.831284 3.500862 0.487140 0.782383 0.012943 0.024136
16800.000000 4.967330 3.333936 3.850150 3.521560 0.485104 0.782583 0.012740 0.023716
16900.000000 4.981651 3.353949 3.869023 3.542112 0.483081 0.782842 0.012535 0.023281
17000.000000 4.996594 3.373859 3.887939 3.562630 0.481067 0.783012 0.012341 0.022846
17100.000000 5.011704 3.393859 3.906236 3.583161 0.479052 0.783056 0.012135 0.022419
17200.000000 5.027701 3.413964 3.925790 3.603844 0.477049 0.783315 0.011925 0.021984
17300.000000 5.041411 3.433974 3.944650 3.624313 0.475049 0.783596 0.011755 0.021596
17400.000000 5.053273 3.453961 3.962677 3.644821 0.473059 0.783916 0.011596 0.021213
17500.000000 5.069297 3.473911 3.982387 3.665395 0.471089 0.784081 0.011375 0.020790
17600.000000 5.082000 3.493907 4.000009 3.686037 0.469117 0.784544 0.011210 0.020418
17700.000000 5.095074 3.513891 4.018712 3.706535 0.467159 0.784889 0.011047 0.020039
17800.000000 5.109903 3.533873 4.038812 3.727151 0.465218 0.785149 0.010858 0.019670
17900.000000 5.123829 3.553688 4.058026 3.747432 0.463282 0.785383 0.010670 0.019277
18000.000000 5.137331 3.573473 4.076921 3.767755 0.461352 0.785636 0.010509 0.018927
18100.000000 5.151459 3.593327 4.095354 3.788057 0.459436 0.785742 0.010351 0.018585
18200.000000 5.166707 3.613214 4.114909 3.808470 0.457515 0.786073 0.010181 0.018232
18300.000000 5.179437 3.633036 4.131970 3.828648 0.455606 0.786267 0.010008 0.017912
18400.000000 5.192987 3.652764 4.150634 3.848808 0.453703 0.786662 0.009851 0.017575
18500.000000 5.206563 3.672630 4.168320 3.868984 0.451809 0.787001 0.009706 0.017263
18600.000000 5.220438 3.692472 4.187757 3.889192 0.449920 0.787352 0.009576 0.016958
18700.000000 5.234735 3.712314 4.206201 3.909386 0.448052 0.787753 0.009396 0.016623
18800.000000 5.247932 3.732236 4.224267 3.929559 0.446185 0.787956 0.009245 0.016334
18900.000000 5.263359 3.752074 4.242837 3.949808 0.444325 0.788297 0.009110 0.016024
19000.000000 5.278220 3.771840 4.261047 3.969938 0.442475 0.788529 0.008972 0.015733
19100.000000 5.293207 3.791674 4.280319 3.990156 0.440630 0.788742 0.008793 0.015418
19200.000000 5.306531 3.811397 4.296967 4.010139 0.438793 0.788864 0.008673 0.015163
19300.000000 5.321171 3.831295 4.316007 4.030455 0.436963 0.789001 0.008539 0.014896
19400.000000 5.337586 3.851179 4.335182 4.050667 0.435139 0.788803 0.008400 0.014591
19500.000000 5.351196 3.871157 4.352987 4.071002 0.433322 0.789047 0.008270 0.014329
19600.000000 5.367248 3.891080 4.371100 4.091159 0.431513 0.789118 0.008128 0.014059
19700.000000 5.383069 3.910915 4.389532 4.111152 0.429709 0.789010 0.008001 0.013812
19800.000000 5.399100 3.930590 4.408905 4.131009 0.427913 0.789006 0.007858 0.013550
19900.000000 5.415682 3.950423 4.427526 4.151170 0.426123 0.788826 0.007717 0.013289
20000.000000 5.432020 3.970215 4.445008 4.171109 0.424345 0.788578 0.007580 0.013066
20100.000000 5.450000 3.990017 4.464557 4.191273 0.422572 0.788386 0.007444 0.012829
20200.000000 5.466619 4.009743 4.483146 4.211179 0.420807 0.788164 0.007324 0.012588
20300.000000 5.482399 4.029525 4.501880 4.231110 0.419047 0.788122 0.007195 0.012339
20400.000000 5.498083 4.049295 4.519215 4.251018 0.417296 0.788167 0.007089 0.012128
20500.000000 5.515836 4.069047 4.537911 4.270962 0.415557 0.788102 0.006959 0.011899
20600.000000 5.532719 4.088878 4.556477 4.291088 0.413819 0.787891 0.006838 0.011676
20700.000000 5.549308 4.108614 4.575153 4.311000 0.412088 0.787590 0.006718 0.011468
20800.000000 5.565425 4.128405 4.593139 4.331118 0.410369 0.787297 0.006597 0.011252
20900.000000 5.582977 4.148308 4.610784 4.351312 0.408656 0.786943 0.006484 0.011058
21000.000000 5.602242 4.168164 4.630505 4.371330 0.406947 0.786583 0.006354 0.010860
21100.000000 5.618188 4.188097 4.647792 4.391454 0.405251 0.786373 0.006248 0.010658
21200.000000 5.634593 4.207918 4.666156 4.411533 0.403563 0.786289 0.006130 0.010452
21300.000000 5.651805 4.227834 4.683633 4.431600 0.401878 0.785948 0.006023 0.010283
21400.000000 5.670076 4.247665 4.701978 4.451591 0.400204 0.785702 0.005920 0.010089
21500.000000 5.688291 4.267454 4.720593 4.471553 0.398531 0.785423 0.005808 0.009900
21600.000000 5.704693 4.287163 4.737585 4.491305 0.396870 0.785258 0.005708 0.009726
21700.000000 5.723051 4.307036 4.756397 4.511364 0.395213 0.784845 0.005601 0.009548
21800.000000 5.741345 4.326809 4.775106 4.531278 0.393565 0.784609 0.005486 0.009363
21900.000000 5.759334 4.346560 4.793566 4.551124 0.391925 0.784316 0.005392 0.009204
22000.000000 5.776314 4.366307 4.810338 4.570831 0.390285 0.784028 0.005314 0.009044
22100.000000 5.793181 4.385985 4.828412 4.590564 0.388661 0.783628 0.005208 0.008871
22200.000000 5.809898 4.405692 4.847606 4.610407 0.387045 0.783615 0.005123 0.008709
22300.000000 5.825124 4.425284 4.865366 4.629959 0.385434 0.783582 0.005042 0.008563
22400.000000 5.843146 4.445037 4.884357 4.649836 0.383827 0.783501 0.004957 0.008394
22500.000000 5.859117 4.464792 4.901871 4.669711 0.382229 0.783435 0.004860 0.008255
22600.000000 5.874958 4.484638 4.920911 4.689837 0.380640 0.783343 0.004769 0.008097
22700.000000 5.890943 4.504408 4.938329 4.709786 0.379064 0.783215 0.004685 0.007939
22800.000000 5.906842 4.524268 4.956553 4.729888 0.377489 0.783102 0.004615 0.007805
22900.000000 5.923271 4.543971 4.974921 4.749722 0.375920 0.782969 0.004545 0.007660
23000.000000 5.938892 4.563666 4.992997 4.769727 0.374360 0.782983 0.004477 0.007526
23100.000000 5.957313 4.583356 5.012142 4.789639 0.372807 0.782898 0.004396 0.007393
23200.000000 5.974354 4.603053 5.030341 4.809611 0.371258 0.782877 0.004319 0.007246
23300.000000 5.989729 4.622691 5.048007 4.829452 0.369723 0.782878 0.004241 0.007113
23400.000000 6.006118 4.642270 5.066526 4.849254 0.368187 0.783140 0.004174 0.006978
23500.000000 6.023543 4.661955 5.084173 4.869146 0.366661 0.783012 0.004104 0.006859
23600.000000 6.038991 4.681639 5.100476 4.889125 0.365146 0.782811 0.004041 0.006743
23700.000000 6.057191 4.701244 5.118961 4.908968 0.363638 0.782650 0.003964 0.006621
23800.000000 6.075602 4.720777 5.135369 4.928595 0.362130 0.782227 0.003894 0.006504
23900.000000 6.095609 4.740338 5.154479 4.948563 0.360636 0.781922 0.003824 0.006402
24000.000000 6.115571 4.759989 5.173323 4.968446 0.359146 0.781510 0.003744 0.006275
24100.000000 6.131800 4.779662 5.190720 4.988371 0.357660 0.781123 0.003677 0.006158
24200.000000 6.149407 4.799331 5.209203 5.008305 0.356182 0.780763 0.003622 0.006065
24300.000000 6.167767 4.818815 5.226761 5.028165 0.354712 0.780323 0.003554 0.005950
24400.000000 6.186595 4.838393 5.244359 5.048094 0.353249 0.780165 0.003487 0.005838
24500.000000 6.203284 4.858123 5.261986 5.068076 0.351789 0.779655 0.003431 0.005738
24600.000000 6.220709 4.877859 5.279747 5.087931 0.350334 0.779537 0.003377 0.005639
24700.000000 6.238471 4.897539 5.297452 5.107818 0.348889 0.779506 0.003309 0.005524
24800.000000 6.254727 4.917361 5.316226 5.127813 0.347445 0.779533 0.003252 0.005421
24900.000000 6.270382 4.937138 5.333104 5.147801 0.346008 0.779399 0.003205 0.005327
25000.000000 6.285411 4.957040 5.350741 5.167801 0.344581 0.779250 0.003164 0.005242
25100.000000 6.303124 4.976961 5.369768 5.187812 0.343159 0.779177 0.003112 0.005152
25200.000000 6.319699 4.996926 5.387583 5.207851 0.341745 0.779080 0.003053 0.005055
25300.000000 6.336811 5.016852 5.405512 5.228057 0.340339 0.778917 0.003007 0.004968
25400.000000 6.355367 5.036846 5.424063 5.248217 0.338939 0.778754 0.002954 0.004870
25500.000000 6.373436 5.056643 5.443679 5.268191 0.337548 0.778747 0.002909 0.004785
25600.000000 6.390452 5.076453 5.461246 5.288038 0.336159 0.778558 0.002865 0.004699
25700.000000 6.409221 5.096358 5.478965 5.308013 0.334782 0.778195 0.002811 0.004624
25800.000000 6.428887 5.116164 5.497919 5.327811 0.333412 0.777732 0.002751 0.004532
25900.000000 6.447598 5.136156 5.516727 5.347812 0.332053 0.777390 0.002703 0.004452
26000.000000 6.466144 5.156086 5.535818 5.367839 0.330696 0.777047 0.002655 0.004372
26100.000000 6.483022 5.175970 5.553853 5.387843 0.329344 0.776675 0.002606 0.004291
26200.000000 6.500093 5.195930 5.571287 5.408054 0.328001 0.776380 0.002562 0.004216
26300.000000 6.517440 5.215993 5.588936 5.428179 0.326662 0.775985 0.002519 0.004143
26400.000000 6.535165 5.236123 5.607496 5.448494 0.325331 0.775840 0.002469 0.004069
26500.000000 6.551860 5.256033 5.625367 5.468508 0.324004 0.775816 0.002432 0.003998
26600.000000 6.570449 5.276014 5.643386 5.488515 0.322687 0.775657 0.002385 0.003924
26700.000000 6.587524 5.295938 5.661290 5.508317 0.321372 0.775611 0.002351 0.003875
26800.000000 6.605434 5.315744 5.679900 5.528212 0.320064 0.775379 0.002309 0.003799
26900.000000 6.621986 5.335496 5.698003 5.547984 0.318765 0.775136 0.002272 0.003736
27000.000000 6.639530 5.355270 5.716562 5.567711 0.317466 0.775056 0.002233 0.003666
27100.000000 6.659637 5.375093 5.735304 5.587417 0.316182 0.774838 0.002188 0.003599
27200.000000 6.677806 5.394686 5.754312 5.606979 0.314902 0.774801 0.002153 0.003540
27300.000000 6.692430 5.414340 5.771134 5.626704 0.313621 0.774860 0.002122 0.003478
27400.000000 6.709104 5.434050 5.790451 5.646266 0.312349 0.774769 0.002094 0.003419
27500.000000 6.726125 5.453765 5.810730 5.665909 0.311077 0.774780 0.002069 0.003365
27600.000000 6.740937 5.473381 5.828726 5.685543 0.309810 0.774864 0.002036 0.003304
27700.000000 6.758064 5.492954 5.847828 5.705203 0.308548 0.774939 0.002001 0.003246
27800.000000 6.773713 5.512507 5.865707 5.724938 0.307296 0.775158 0.001969 0.003183
27900.000000 6.789028 5.532156 5.883585 5.744777 0.306044 0.775340 0.001940 0.003137
28000.000000 6.806895 5.551743 5.902472 5.764401 0.304798 0.775305 0.001897 0.003076
28100.000000 6.821921 5.571310 5.921125 5.784040 0.303557 0.775576 0.001879 0.003028
28200.000000 6.836338 5.590811 5.939953 5.803825 0.302327 0.775784 0.001854 0.002970
28300.000000 6.850509 5.610252 5.957730 5.823301 0.301100 0.776102 0.001831 0.002916
28400.000000 6.866278 5.629659 5.977359 5.842904 0.299874 0.776363 0.001801 0.002864
28500.000000 6.879958 5.649013 5.994829 5.862345 0.298652 0.776689 0.001773 0.002817
28600.000000 6.896612 5.668449 6.013689 5.881892 0.297438 0.776946 0.001740 0.002760
28700.000000 6.911288 5.687878 6.031701 5.901204 0.296229 0.777155 0.001715 0.002712
28800.000000 6.927536 5.707368 6.051244 5.920638 0.295024 0.777441 0.001690 0.002667
28900.000000 6.941261 5.727059 6.069173 5.940510 0.293824 0.777726 0.001666 0.002620
29000.000000 6.957294 5.746498 6.087897 5.960092 0.292629 0.777986 0.001636 0.002570
29100.000000 6.974208 5.766141 6.107969 5.979784 0.291437 0.778254 0.001616 0.002525
29200.000000 6.987758 5.785696 6.125224 5.999355 0.290247 0.778552 0.001596 0.002485
29300.000000 7.002179 5.805262 6.144899 6.019058 0.289065 0.778822 0.001569 0.002436
29400.000000 7.015654 5.824873 6.161707 6.038819 0.287883 0.779257 0.001551 0.002397
29500.000000 7.031961 5.844596 6.179584 6.058635 0.286705 0.779419 0.001530 0.002361
29600.000000 7.046473 5.864105 6.197484 6.078264 0.285531 0.779672 0.001501 0.002311
29700.000000 7.066060 5.883769 6.217507 6.097973 0.284360 0.779524 0.001483 0.002269
29800.000000 7.084520 5.903358 6.236386 6.117482 0.283192 0.779338 0.001455 0.002230
29900.000000 7.101534 5.923037 6.254907 6.137259 0.282029 0.779361 0.001435 0.002192
30000.000000 7.118324 5.942830 6.273242 6.157079 0.280874 0.779490 0.001417 0.002155
30100.000000 7.138597 5.962628 6.292836 6.176935 0.279722 0.779644 0.001394 0.002121
30200.000000 7.155204 5.982512 6.311667 6.196850 0.278573 0.779515 0.001368 0.002086
30300.000000 7.174392 6.002214 6.329963 6.216681 0.277433 0.779244 0.001347 0.002051
30400.000000 7.192465 6.021975 6.348560 6.236578 0.276297 0.779136 0.001328 0.002015
30500.000000 7.208854 6.041688 6.366410 6.256326 0.275169 0.778915 0.001307 0.001978
30600.000000 7.224967 6.061367 6.385706 6.275791 0.274042 0.778800 0.001285 0.001943
30700.000000 7.240576 6.081066 6.403507 6.295554 0.272922 0.778839 0.001265 0.001912
30800.000000 7.258889 6.100484 6.422624 6.315178 0.271804 0.778914 0.001242 0.001880
30900.000000 7.276487 6.120273 6.442078 6.335234 0.270689 0.778981 0.001226 0.001844
31000.000000 7.292272 6.139893 6.459059 6.355144 0.269580 0.779161 0.001205 0.001816
31100.000000 7.306821 6.159425 6.477634 6.374927 0.268470 0.779329 0.001184 0.001780
31200.000000 7.323361 6.178943 6.495375 6.394720 0.267365 0.779515 0.001171 0.001753
31300.000000 7.339644 6.198299 6.514231 6.414297 0.266265 0.779609 0.001158 0.001728
31400.000000 7.354031 6.217777 6.532825 6.434012 0.265169 0.779843 0.001141 0.001700
31500.000000 7.368510 6.237374 6.548995 6.453792 0.264075 0.779977 0.001123 0.001669
31600.000000 7.383787 6.256992 6.567721 6.473644 0.262988 0.780031 0.001109 0.001644
31700.000000 7.402414 6.276532 6.586361 6.493421 0.261904 0.780226 0.001089 0.001611
31800.000000 7.418220 6.296123 6.603730 6.513464 0.260826 0.780544 0.001071 0.001587
31900.000000 7.438355 6.315563 6.624396 6.533146 0.259751 0.780646 0.001052 0.001555
32000.000000 7.456477 6.335087 6.642353 6.552883 0.258684 0.780675 0.001037 0.001531
32100.000000 7.472742 6.354645 6.659349 6.572519 0.257619 0.780753 0.001016 0.001505
32200.000000 7.490208 6.374235 6.677473 6.592000 0.256562 0.780788 0.001003 0.001480
32300.000000 7.508928 6.393809 6.695708 6.611816 0.255504 0.780794 0.000987 0.001456
32400.000000 7.527058 6.413421 6.714826 6.631953 0.254451 0.780841 0.000973 0.001434
32500.000000 7.542631 6.432755 6.732208 6.651657 0.253401 0.780845 0.000958 0.001412
32600.000000 7.560520 6.452364 6.751295 6.671517 0.252360 0.780838 0.000938 0.001384
32700.000000 7.579526 6.471994 6.768933 6.691633 0.251324 0.780786 0.000925 0.001360
32800.000000 7.597450 6.491566 6.786929 6.711562 0.250292 0.780942 0.000911 0.001341
32900.000000 7.616649 6.511225 6.807336 6.731471 0.249267 0.781066 0.000897 0.001317
33000.000000 7.633446 6.530851 6.825349 6.751276 0.248245 0.781205 0.000879 0.001290
33100.000000 7.649055 6.550563 6.843193 6.771378 0.247224 0.781223 0.000870 0.001271
33200.000000 7.665817 6.570167 6.860753 6.791139 0.246205 0.781396 0.000854 0.001252
33300.000000 7.682680 6.589794 6.879240 6.811000 0.245195 0.781296 0.000843 0.001232
33400.000000 7.697594 6.609367 6.895764 6.830601 0.244190 0.781277 0.000835 0.001213
33500.000000 7.715619 6.628955 6.913683 6.850331 0.243192 0.781194 0.000822 0.001190
33600.000000 7.733353 6.648705 6.931707 6.870378 0.242192 0.781001 0.000811 0.001174
33700.000000 7.752627 6.668470 6.951054 6.890409 0.241197 0.780661 0.000794 0.001151
33800.000000 7.769538 6.688079 6.967481 6.910298 0.240208 0.780530 0.000786 0.001133
33900.000000 7.789603 6.707758 6.985838 6.930185 0.239219 0.780392 0.000772 0.001112
34000.000000 7.806058 6.727477 7.003367 6.950212 0.238235 0.780258 0.000761 0.001094
34100.000000 7.822797 6.747395 7.022155 6.970407 0.237255 0.780165 0.000749 0.001078
34200.000000 7.839733 6.767274 7.041073 6.990564 0.236278 0.780233 0.000739 0.001057
34300.000000 7.858409 6.787151 7.060271 7.010913 0.235306 0.780192 0.000729 0.001037
34400.000000 7.877044 6.807057 7.078968 7.031289 0.234344 0.780101 0.000717 0.001022
34500.000000 7.894261 6.827038 7.097551 7.051686 0.233380 0.780097 0.000702 0.001002
34600.000000 7.912075 6.846898 7.116569 7.071942 0.232423 0.779664 0.000692 0.000988
34700.000000 7.931838 6.866840 7.134983 7.092131 0.231470 0.779371 0.000683 0.000969
34800.000000 7.952335 6.886728 7.153996 7.112423 0.230519 0.778974 0.000670 0.000950
34900.000000 7.969559 6.906485 7.171178 7.132705 0.229572 0.778806 0.000658 0.000935
35000.000000 7.984735 6.926265 7.188727 7.153082 0.228629 0.778621 0.000649 0.000919
35100.000000 8.003070 6.945881 7.207400 7.173289 0.227689 0.778538 0.000635 0.000903
35200.000000 8.019602 6.965563 7.225236 7.193442 0.226753 0.778486 0.000625 0.000886
35300.000000 8.038441 6.985215 7.245470 7.213644 0.225824 0.778362 0.000614 0.000869
35400.000000 8.056331 7.005077 7.263108 7.233914 0.224904 0.778372 0.000605 0.000853
35500.000000 8.071975 7.024640 7.282150 7.253865 0.223984 0.778221 0.000599 0.000837
35600.000000 8.090836 7.044247 7.300673 7.274052 0.223063 0.777890 0.000588 0.000822
35700.000000 8.108391 7.063649 7.319773 7.293829 0.222150 0.777484 0.000580 0.000810
35800.000000 8.125704 7.082912 7.338268 7.313553 0.221241 0.777158 0.000572 0.000797
35900.000000 8.143235 7.102055 7.356298 7.333362 0.220337 0.776965 0.000561 0.000781
36000.000000 8.159520 7.121273 7.374645 7.353063 0.219430 0.776968 0.000554 0.000767
36100.000000 8.179635 7.140597 7.395062 7.372698 0.218526 0.776893 0.000546 0.000756
36200.000000 8.198063 7.159573 7.413528 7.392277 0.217623 0.776840 0.000538 0.000742
36300.000000 8.216516 7.178741 7.433414 7.411880 0.216723 0.776640 0.000530 0.000728
36400.000000 8.232849 7.198069 7.451277 7.431713 0.215827 0.776798 0.000522 0.000719
36500.000000 8.248326 7.217277 7.468311 7.451396 0.214932 0.776820 0.000516 0.000706
36600.000000 8.268080 7.236328 7.488068 7.470914 0.214045 0.776827 0.000508 0.000692
36700.000000 8.286642 7.255205 7.506015 7.490113 0.213160 0.776697 0.000494 0.000679
36800.000000 8.304004 7.274136 7.524917 7.509489 0.212282 0.776553 0.000488 0.000668
36900.000000 8.322697 7.293016 7.542733 7.529001 0.211411 0.776613 0.000479 0.000654
37000.000000 8.343451 7.311855 7.561831 7.548495 0.210545 0.776397 0.000472 0.000646
37100.000000 8.360008 7.330835 7.579910 7.568069 0.209681 0.776245 0.000467 0.000635
37200.000000 8.378135 7.349982 7.598048 7.587693 0.208824 0.776171 0.000458 0.000626
37300.000000 8.397804 7.369106 7.616908 7.607421 0.207973 0.776057 0.000450 0.000612
37400.000000 8.415174 7.388133 7.633483 7.627059 0.207122 0.775904 0.000446 0.000604
37500.000000 8.433514 7.407104 7.653509 7.646499 0.206271 0.775899 0.000438 0.000594
37600.000000 8.450552 7.425798 7.671306 7.665649 0.205423 0.775779 0.000433 0.000585
37700.000000 8.469627 7.444667 7.690532 7.685027 0.204576 0.775890 0.000425 0.000574
37800.000000 8.486526 7.463546 7.708195 7.704443 0.203733 0.775925 0.000420 0.000564
37900.000000 8.503662 7.482755 7.727789 7.723928 0.202893 0.775794 0.000414 0.000555
38000.000000 8.520414 7.501887 7.745708 7.743284 0.202058 0.775695 0.000408 0.000543
38100.000000 8.539368 7.520848 7.764532 7.762219 0.201231 0.775721 0.000403 0.000534
38200.000000 8.555067 7.539520 7.781588 7.781146 0.200400 0.775710 0.000399 0.000527
38300.000000 8.570843 7.558446 7.801379 7.800456 0.199572 0.775890 0.000390 0.000517
38400.000000 8.584989 7.577331 7.819579 7.819799 0.198749 0.776300 0.000383 0.000507
38500.000000 8.596300 7.596090 7.838370 7.838965 0.197926 0.776619 0.000378 0.000499
38600.000000 8.610108 7.614975 7.854855 7.858257 0.197109 0.776826 0.000374 0.000489
38700.000000 8.627421 7.633795 7.875130 7.877448 0.196297 0.776849 0.000371 0.000481
38800.000000 8.645593 7.652531 7.894580 7.896507 0.195487 0.776800 0.000366 0.000473
38900.000000 8.663127 7.671383 7.912496 7.915823 0.194677 0.776774 0.000362 0.000466
39000.000000 8.679072 7.690356 7.931042 7.935106 0.193870 0.776693 0.000356 0.000459
39100.000000 8.695568 7.709049 7.947421 7.954079 0.193066 0.776605 0.000350 0.000449
39200.000000 8.713232 7.728028 7.968321 7.973350 0.192265 0.776598 0.000345 0.000443
39300.000000 8.729074 7.746739 7.984306 7.992591 0.191468 0.776650 0.000337 0.000437
39400.000000 8.745362 7.765429 8.001380 8.011607 0.190676 0.776603 0.000335 0.000430
39500.000000 8.762597 7.784174 8.019998 8.030610 0.189887 0.776667 0.000329 0.000423
39600.000000 8.782935 7.802945 8.038783 8.049751 0.189099 0.776686 0.000324 0.000418
39700.000000 8.800100 7.821410 8.057757 8.068438 0.188317 0.776751 0.000318 0.000411
39800.000000 8.817116 7.839804 8.076841 8.087178 0.187539 0.776787 0.000314 0.000405
39900.000000 8.833896 7.858404 8.094711 8.106262 0.186763 0.776685 0.000310 0.000398
40000.000000 8.851796 7.877042 8.113663 8.125325 0.185988 0.776644 0.000306 0.000392
40100.000000 8.869156 7.895407 8.129834 8.144286 0.185218 0.776549 0.000301 0.000386
40200.000000 8.888586 7.913956 8.149059 8.163375 0.184450 0.776382 0.000298 0.000380
40300.000000 8.903289 7.932410 8.164350 8.182382 0.183684 0.776191 0.000295 0.000375
40400.000000 8.922257 7.950886 8.184448 8.201292 0.182922 0.776130 0.000291 0.000369
40500.000000 8.939406 7.968871 8.203279 8.219933 0.182158 0.776047 0.000286 0.000363
40600.000000 8.955294 7.986869 8.221266 8.238953 0.181402 0.776023 0.000285 0.000358
40700.000000 8.972471 8.005039 8.239022 8.257567 0.180648 0.776001 0.000280 0.000352
40800.000000 8.988185 8.023274 8.256394 8.276183 0.179901 0.776248 0.000276 0.000346
40900.000000 9.004198 8.041556 8.273984 8.295228 0.179153 0.776358 0.000272 0.000341
41000.000000 9.025117 8.059619 8.293536 8.313782 0.178412 0.776281 0.000267 0.000333
41100.000000 9.042847 8.077776 8.314069 8.332735 0.177673 0.776473 0.000263 0.000327
41200.000000 9.060614 8.095730 8.331941 8.351371 0.176934 0.776422 0.000259 0.000322
41300.000000 9.076372 8.113761 8.350342 8.370143 0.176201 0.776445 0.000257 0.000318
41400.000000 9.092340 8.131644 8.369400 8.388734 0.175466 0.776639 0.000253 0.000313
41500.000000 9.106513 8.149779 8.385669 8.407599 0.174738 0.776718 0.000248 0.000308
41600.000000 9.121799 8.168102 8.404750 8.426633 0.174011 0.776760 0.000246 0.000303
41700.000000 9.139005 8.186302 8.423497 8.445593 0.173285 0.776783 0.000243 0.000297
41800.000000 9.155711 8.204510 8.441160 8.464759 0.172562 0.776983 0.000241 0.000295
41900.000000 9.169918 8.222645 8.458985 8.483671 0.171845 0.776970 0.000238 0.000291
42000.000000 9.186259 8.240966 8.476550 8.502757 0.171130 0.776924 0.000235 0.000286
42100.000000 9.202479 8.258961 8.495301 8.521425 0.170421 0.776771 0.000232 0.000281
42200.000000 9.218227 8.276978 8.512334 8.539981 0.169713 0.776393 0.000230 0.000278
42300.000000 9.237864 8.294973 8.531688 8.558653 0.169010 0.776299 0.000228 0.000274
42400.000000 9.254787 8.313101 8.549535 8.577535 0.168306 0.775992 0.000226 0.000271
42500.000000 9.273733 8.331039 8.568507 8.595943 0.167605 0.775798 0.000222 0.000266
42600.000000 9.291538 8.348986 8.585942 8.614620 0.166907 0.775717 0.000220 0.000263
42700.000000 9.305993 8.366803 8.601512 8.633259 0.166211 0.775644 0.000215 0.000259
42800.000000 9.325049 8.384619 8.619984 8.651578 0.165520 0.775364 0.000212 0.000256
42900.000000 9.339583 8.402385 8.637047 8.669993 0.164834 0.775228 0.000210 0.000253
43000.000000 9.356475 8.420140 8.655545 8.688820 0.164149 0.775105 0.000206 0.000249
43100.000000 9.372421 8.437870 8.673085 8.707148 0.163470 0.774939 0.000204 0.000246
43200.000000 9.389951 8.455592 8.692339 8.725416 0.162796 0.774923 0.000202 0.000243
43300.000000 9.404663 8.473290 8.708756 8.743781 0.162127 0.774888 0.000200 0.000241
43400.000000 9.418525 8.490801 8.725174 8.761824 0.161455 0.774892 0.000197 0.000236
43500.000000 9.430233 8.508434 8.740474 8.779935 0.160786 0.774915 0.000195 0.000233
43600.000000 9.446666 8.526180 8.758835 8.798104 0.160120 0.774892 0.000192 0.000228
43700.000000 9.465061 8.544086 8.777918 8.816685 0.159457 0.774815 0.000189 0.000225
43800.000000 9.483480 8.562005 8.796053 8.835165 0.158795 0.774682 0.000187 0.000222
43900.000000 9.502929 8.579990 8.813807 8.853687 0.158141 0.774579 0.000185 0.000220
44000.000000 9.519277 8.598015 8.831496 8.872225 0.157492 0.774418 0.000183 0.000217
44100.000000 9.537543 8.616078 8.848859 8.890775 0.156841 0.774173 0.000181 0.000214
44200.000000 9.555084 8.634459 8.865958 8.909444 0.156193 0.773914 0.000179 0.000211
44300.000000 9.571828 8.652599 8.884596 8.928171 0.155548 0.773566 0.000177 0.000208
44400.000000 9.587251 8.670617 8.902079 8.946768 0.154904 0.773010 0.000175 0.000205
44500.000000 9.603220 8.688499 8.919294 8.965259 0.154264 0.772577 0.000174 0.000202
44600.000000 9.620471 8.706612 8.937103 8.984170 0.153628 0.772098 0.000173 0.000199
44700.000000 9.638486 8.724720 8.955509 9.002844 0.152991 0.771698 0.000172 0.000196
44800.000000 9.656356 8.742706 8.972325 9.021420 0.152354 0.771409 0.000170 0.000193
44900.000000 9.671194 8.760843 8.988487 9.040194 0.151723 0.771263 0.000169 0.000189
45000.000000 9.689443 8.778856 9.007338 9.058702 0.151091 0.771182 0.000166 0.000187
45100.000000 9.705736 8.796817 9.024799 9.077008 0.150466 0.770904 0.000164 0.000185
45200.000000 9.718885 8.815126 9.038105 9.095808 0.149839 0.770714 0.000162 0.000182
45300.000000 9.737013 8.833243 9.057882 9.114277 0.149215 0.770450 0.000161 0.000181
45400.000000 9.756593 8.851506 9.075882 9.133105 0.148598 0.770090 0.000159 0.000178
45500.000000 9.772631 8.869382 9.091012 9.151348 0.147980 0.769721 0.000159 0.000176
45600.000000 9.791899 8.887569 9.108722 9.170048 0.147366 0.769249 0.000155 0.000174
45700.000000 9.807678 8.905651 9.126179 9.188399 0.146750 0.768965 0.000153 0.000170
45800.000000 9.825319 8.923843 9.142725 9.206753 0.146142 0.768522 0.000152 0.000168
45900.000000 9.844621 8.941985 9.162130 9.225184 0.145533 0.768462 0.000149 0.000165
46000.000000 9.862155 8.960147 9.178880 9.243669 0.144927 0.768276 0.000146 0.000163
46100.000000 9.878571 8.978183 9.195281 9.261925 0.144320 0.768040 0.000144 0.000161
46200.000000 9.892679 8.996383 9.209009 9.280489 0.143719 0.767881 0.000143 0.000159
46300.000000 9.907471 9.014489 9.223812 9.299136 0.143122 0.767786 0.000141 0.000158
46400.000000 9.923966 9.032904 9.241379 9.318000 0.142527 0.767666 0.000140 0.000155
46500.000000 9.939720 9.050472 9.258919 9.336196 0.141936 0.767533 0.000139 0.000154
46600.000000 9.953623 9.068432 9.276054 9.354460 0.141347 0.767608 0.000139 0.000152
46700.000000 9.968883 9.086456 9.290966 9.372848 0.140759 0.767635 0.000136 0.000150
46800.000000 9.986080 9.104283 9.308066 9.391128 0.140174 0.767569 0.000135 0.000148
46900.000000 10.001970 9.121832 9.324054 9.409186 0.139593 0.767437 0.000133 0.000147
47000.000000 10.019580 9.139475 9.343000 9.427615 0.139014 0.767449 0.000133 0.000145
47100.000000 10.034619 9.157177 9.360784 9.445853 0.138436 0.767340 0.000131 0.000142
47200.000000 10.048645 9.175053 9.379530 9.464402 0.137861 0.767462 0.000131 0.000141
47300.000000 10.063866 9.192866 9.395407 9.483016 0.137288 0.767601 0.000130 0.000139
47400.000000 10.077047 9.210647 9.412612 9.501535 0.136719 0.767748 0.000129 0.000137
47500.000000 10.088918 9.228727 9.427095 9.520489 0.136150 0.767836 0.000127 0.000136
47600.000000 10.102895 9.246650 9.443698 9.539060 0.135585 0.767792 0.000125 0.000134
47700.000000 10.116858 9.264436 9.461373 9.557180 0.135023 0.767748 0.000126 0.000133
47800.000000 10.127392 9.282434 9.475502 9.575790 0.134465 0.767804 0.000123 0.000131
47900.000000 10.142729 9.300680 9.493458 9.594791 0.133907 0.767772 0.000122 0.000129
48000.000000 10.158670 9.318815 9.510089 9.613780 0.133358 0.767598 0.000120 0.000127
48100.000000 10.172224 9.336729 9.527226 9.632168 0.132812 0.767463 0.000119 0.000126
48200.000000 10.187115 9.354616 9.543089 9.650727 0.132264 0.767423 0.000117 0.000125
48300.000000 10.198621 9.372360 9.558549 9.668834 0.131717 0.767352 0.000116 0.000124
48400.000000 10.211471 9.389887 9.573428 9.687267 0.131170 0.767234 0.000116 0.000122
48500.000000 10.230043 9.407432 9.592508 9.705431 0.130626 0.767089 0.000114 0.000120
48600.000000 10.243395 9.425198 9.606478 9.724052 0.130082 0.766861 0.000114 0.000120
48700.000000 10.256796 9.442795 9.622097 9.742708 0.129542 0.766618 0.000112 0.000118
48800.000000 10.274223 9.460568 9.638207 9.760842 0.129003 0.766440 0.000112 0.000116
48900.000000 10.292329 9.478502 9.655610 9.779406 0.128467 0.766169 0.000111 0.000115
49000.000000 10.309266 9.496430 9.672430 9.797908 0.127936 0.765811 0.000109 0.000114
49100.000000 10.325854 9.514402 9.687782 9.816378 0.127407 0.765500 0.000108 0.000113
49200.000000 10.344707 9.532597 9.705068 9.835331 0.126877 0.765331 0.000108 0.000112
49300.000000 10.365457 9.550602 9.723321 9.853880 0.126349 0.764977 0.000108 0.000111
49400.000000 10.380083 9.568438 9.738197 9.872293 0.125826 0.764683 0.000107 0.000110
49500.000000 10.395089 9.586253 9.754705 9.890418 0.125305 0.764560 0.000106 0.000109
49600.000000 10.411091 9.604158 9.771512 9.908947 0.124785 0.764417 0.000105 0.000109
49700.000000 10.425164 9.621819 9.786086 9.926630 0.124268 0.764220 0.000103 0.000107
49800.000000 10.442050 9.639087 9.803036 9.944360 0.123753 0.764066 0.000102 0.000106
49900.000000 10.458360 9.656494 9.819341 9.962010 0.123238 0.763718 0.000101 0.000105
50000.000000 10.479034 9.674030 9.837726 9.980076 0.122728 0.763386 0.000100 0.000104
