#-t-MSD-MSDCR-survive-Fkv-Fkvv-FkvvCR-etime
100.000000 0.842589 0.643997 0.983700 0.967143 0.564753 0.635431 0.683668
200.000000 1.077820 0.697861 0.969042 0.953313 0.484646 0.612868 0.675474
300.000000 1.214520 0.709243 0.954708 0.943412 0.441847 0.605791 0.672983
400.000000 1.311342 0.717141 0.940628 0.934948 0.413236 0.599991 0.671950
500.000000 1.386222 0.725132 0.926772 0.927704 0.391945 0.594213 0.671304
600.000000 1.447332 0.731714 0.913159 0.921328 0.375096 0.588989 0.670852
700.000000 1.500382 0.738895 0.899761 0.915610 0.360805 0.583657 0.670468
800.000000 1.546988 0.746272 0.886557 0.910272 0.348626 0.578314 0.670611
900.000000 1.587692 0.753353 0.873564 0.905520 0.338300 0.573192 0.670611
1000.000000 1.622934 0.759753 0.860766 0.900990 0.329329 0.568357 0.670444
1100.000000 1.654123 0.766304 0.848167 0.896849 0.321594 0.563559 0.670520
1200.000000 1.683583 0.773696 0.835769 0.892773 0.314229 0.558602 0.670340
1300.000000 1.710108 0.780545 0.823570 0.889113 0.307580 0.553872 0.670053
1400.000000 1.735197 0.787398 0.811556 0.885485 0.301416 0.549222 0.670500
1500.000000 1.757532 0.795046 0.799742 0.882043 0.295843 0.544457 0.670418
1600.000000 1.778911 0.801621 0.788102 0.878863 0.290826 0.540061 0.669998
1700.000000 1.799107 0.808951 0.776640 0.875671 0.285996 0.535542 0.670300
1800.000000 1.817513 0.815995 0.765344 0.872771 0.281368 0.531138 0.670153
1900.000000 1.833376 0.822371 0.754210 0.870023 0.277403 0.527035 0.670403
2000.000000 1.848374 0.829135 0.743249 0.867380 0.273665 0.522849 0.670162
2100.000000 1.864291 0.836156 0.732462 0.864876 0.269894 0.518647 0.670754
2200.000000 1.881074 0.843780 0.721830 0.862516 0.266001 0.514438 0.669853
2300.000000 1.895484 0.850997 0.711352 0.860214 0.262572 0.510422 0.670585
2400.000000 1.907491 0.857695 0.701029 0.858131 0.259477 0.506566 0.670559
2500.000000 1.919803 0.865551 0.690851 0.856052 0.256537 0.502518 0.670521
2600.000000 1.932145 0.873058 0.680829 0.854003 0.253635 0.498625 0.670553
2700.000000 1.942941 0.880365 0.670953 0.852028 0.250856 0.494820 0.670418
2800.000000 1.954931 0.887811 0.661234 0.850095 0.248113 0.491057 0.670506
2900.000000 1.966493 0.895661 0.651668 0.848412 0.245439 0.487296 0.670539
3000.000000 1.976588 0.902857 0.642224 0.846648 0.242876 0.483796 0.670543
3100.000000 1.986643 0.910383 0.632924 0.845016 0.240487 0.480185 0.670613
3200.000000 1.997719 0.918260 0.623771 0.843339 0.237978 0.476652 0.670726
3300.000000 2.007074 0.924718 0.614760 0.841770 0.235695 0.473463 0.670997
3400.000000 2.016899 0.932740 0.605881 0.840336 0.233422 0.469946 0.670664
3500.000000 2.026980 0.940194 0.597132 0.838864 0.231213 0.466666 0.670884
3600.000000 2.035664 0.948264 0.588505 0.837438 0.229182 0.463281 0.670882
3700.000000 2.043347 0.956289 0.580008 0.835987 0.227302 0.460044 0.671003
3800.000000 2.051028 0.963416 0.571645 0.834561 0.225396 0.456981 0.671262
3900.000000 2.058287 0.971038 0.563401 0.833189 0.223579 0.453939 0.670900
4000.000000 2.064756 0.978399 0.555284 0.831870 0.221927 0.450948 0.670868
4100.000000 2.071652 0.985830 0.547291 0.830598 0.220268 0.447965 0.671118
4200.000000 2.077954 0.993847 0.539418 0.829460 0.218600 0.444961 0.670892
4300.000000 2.085158 1.002005 0.531661 0.828268 0.217050 0.442048 0.670881
4400.000000 2.090900 1.009246 0.524016 0.827140 0.215568 0.439288 0.671004
4500.000000 2.097958 1.017822 0.516479 0.826061 0.214041 0.436389 0.671155
4600.000000 2.101326 1.023869 0.509056 0.824879 0.212804 0.433873 0.671219
4700.000000 2.107952 1.031071 0.501737 0.823769 0.211338 0.431256 0.671258
4800.000000 2.115841 1.039067 0.494520 0.822634 0.209736 0.428528 0.670598
4900.000000 2.122515 1.046724 0.487413 0.821604 0.208322 0.425985 0.671386
5000.000000 2.130331 1.054897 0.480409 0.820484 0.206848 0.423373 0.671436
5100.000000 2.137366 1.062630 0.473503 0.819404 0.205457 0.420911 0.671316
5200.000000 2.144460 1.070601 0.466694 0.818524 0.204183 0.418418 0.670967
5300.000000 2.150800 1.078160 0.459980 0.817461 0.202898 0.416012 0.671561
5400.000000 2.154687 1.085299 0.453360 0.816614 0.201715 0.413721 0.671826
5500.000000 2.159584 1.092794 0.446845 0.815778 0.200614 0.411463 0.671715
5600.000000 2.162123 1.100140 0.440414 0.814825 0.199606 0.409203 0.671655
5700.000000 2.165807 1.108266 0.434078 0.814046 0.198510 0.406879 0.672203
5800.000000 2.171334 1.116035 0.427838 0.813138 0.197281 0.404678 0.671927
5900.000000 2.174339 1.123265 0.421690 0.812447 0.196362 0.402590 0.671931
6000.000000 2.178831 1.131378 0.415637 0.811687 0.195361 0.400434 0.672053
6100.000000 2.180843 1.136986 0.409671 0.810943 0.194466 0.398590 0.672064
6200.000000 2.184540 1.145046 0.403796 0.810029 0.193500 0.396470 0.672170
6300.000000 2.188577 1.152224 0.397994 0.809129 0.192445 0.394474 0.672103
6400.000000 2.193185 1.158812 0.392268 0.808286 0.191447 0.392614 0.672085
6500.000000 2.196656 1.165712 0.386624 0.807542 0.190520 0.390775 0.672015
6600.000000 2.201733 1.173853 0.381064 0.806886 0.189503 0.388791 0.672130
6700.000000 2.205821 1.180289 0.375586 0.806040 0.188657 0.387053 0.672580
6800.000000 2.209807 1.187744 0.370189 0.805232 0.187714 0.385196 0.672682
6900.000000 2.214460 1.194350 0.364865 0.804380 0.186804 0.383470 0.672282
7000.000000 2.220357 1.202284 0.359619 0.803274 0.185813 0.381667 0.672568
7100.000000 2.223481 1.208193 0.354441 0.802508 0.185001 0.380063 0.672880
7200.000000 2.229071 1.215220 0.349337 0.801641 0.184084 0.378370 0.672644
7300.000000 2.232442 1.222300 0.344299 0.800757 0.183389 0.376734 0.673181
7400.000000 2.238120 1.230534 0.339330 0.799993 0.182484 0.375018 0.672472
7500.000000 2.239106 1.235661 0.334427 0.799404 0.181868 0.373559 0.672713
7600.000000 2.244440 1.243918 0.329599 0.798609 0.180973 0.371862 0.672625
7700.000000 2.249231 1.250662 0.324840 0.797943 0.180174 0.370329 0.672974
7800.000000 2.252895 1.257941 0.320161 0.797450 0.179486 0.368850 0.672836
7900.000000 2.256659 1.265335 0.315548 0.797011 0.178823 0.367297 0.672842
8000.000000 2.260398 1.272333 0.311004 0.796473 0.178096 0.365797 0.673340
8100.000000 2.264529 1.278844 0.306521 0.795862 0.177329 0.364436 0.673463
8200.000000 2.267894 1.285624 0.302091 0.795301 0.176609 0.363022 0.673375
8300.000000 2.271219 1.291207 0.297726 0.794737 0.175970 0.361741 0.673314
8400.000000 2.277358 1.299647 0.293429 0.794290 0.175248 0.360264 0.673271
8500.000000 2.280967 1.305472 0.289194 0.793794 0.174637 0.359066 0.673402
8600.000000 2.285267 1.312273 0.285021 0.793555 0.173910 0.357723 0.673504
8700.000000 2.285518 1.318030 0.280906 0.793212 0.173394 0.356507 0.672895
8800.000000 2.286736 1.324036 0.276860 0.792980 0.172928 0.355327 0.673327
8900.000000 2.288997 1.330507 0.272878 0.792516 0.172366 0.354110 0.673505
9000.000000 2.290842 1.337103 0.268955 0.791980 0.171815 0.352904 0.673599
9100.000000 2.292137 1.342886 0.265091 0.791472 0.171288 0.351748 0.673645
9200.000000 2.295239 1.349390 0.261276 0.790932 0.170785 0.350621 0.673332
9300.000000 2.296821 1.354854 0.257514 0.790550 0.170281 0.349527 0.673738
9400.000000 2.299346 1.361099 0.253809 0.790010 0.169753 0.348416 0.673781
9500.000000 2.303095 1.367660 0.250160 0.789494 0.169204 0.347274 0.673881
9600.000000 2.306803 1.373346 0.246570 0.788661 0.168665 0.346241 0.673900
9700.000000 2.310137 1.380677 0.243019 0.788091 0.168121 0.345131 0.673696
9800.000000 2.310160 1.385661 0.239517 0.787697 0.167660 0.344131 0.673569
9900.000000 2.311622 1.392173 0.236064 0.787250 0.167132 0.343039 0.673908
10000.000000 2.315479 1.398745 0.232666 0.786790 0.166579 0.341988 0.673353
10100.000000 2.318935 1.404446 0.229324 0.786363 0.166062 0.340991 0.673137
10200.000000 2.321510 1.410343 0.226030 0.786033 0.165605 0.340076 0.674101
10300.000000 2.323506 1.415272 0.222786 0.785771 0.165142 0.339152 0.673780
10400.000000 2.328770 1.422894 0.219594 0.785300 0.164607 0.338179 0.674317
10500.000000 2.332591 1.430124 0.216446 0.784764 0.164054 0.337183 0.674290
10600.000000 2.332009 1.434130 0.213353 0.784424 0.163763 0.336371 0.674296
10700.000000 2.333878 1.439111 0.210306 0.783958 0.163313 0.335530 0.673912
10800.000000 2.335426 1.445490 0.207293 0.783692 0.162875 0.334601 0.673813
10900.000000 2.338958 1.453442 0.204322 0.783378 0.162387 0.333586 0.674066
11000.000000 2.337411 1.458216 0.201399 0.782905 0.162093 0.332787 0.673766
11100.000000 2.340477 1.464809 0.198518 0.782739 0.161687 0.331966 0.674060
11200.000000 2.341156 1.470004 0.195681 0.782330 0.161307 0.331161 0.674134
11300.000000 2.338841 1.473927 0.192889 0.782101 0.161035 0.330448 0.674451
11400.000000 2.340877 1.480592 0.190141 0.781909 0.160666 0.329629 0.674610
11500.000000 2.340465 1.485571 0.187424 0.781789 0.160344 0.328907 0.674311
11600.000000 2.338479 1.490665 0.184747 0.781638 0.160062 0.328170 0.674415
11700.000000 2.341911 1.496617 0.182106 0.781391 0.159690 0.327401 0.674385
11800.000000 2.344601 1.502021 0.179500 0.781519 0.159315 0.326670 0.674491
11900.000000 2.347806 1.507698 0.176931 0.781244 0.158960 0.325889 0.675141
12000.000000 2.348454 1.513462 0.174401 0.781155 0.158652 0.325194 0.675134
12100.000000 2.350997 1.520306 0.171904 0.781088 0.158329 0.324462 0.675132
12200.000000 2.349988 1.523980 0.169441 0.781191 0.158047 0.323836 0.674812
12300.000000 2.351712 1.530129 0.167016 0.781125 0.157713 0.323158 0.675162
12400.000000 2.350906 1.533640 0.164627 0.781145 0.157430 0.322579 0.674963
12500.000000 2.349930 1.539174 0.162279 0.781243 0.157165 0.321894 0.674295
12600.000000 2.350809 1.543558 0.159962 0.781194 0.156888 0.321311 0.674835
12700.000000 2.352727 1.549078 0.157680 0.781314 0.156586 0.320693 0.675126
12800.000000 2.347120 1.550669 0.155432 0.781322 0.156464 0.320211 0.674814
12900.000000 2.345328 1.556093 0.153221 0.781466 0.156251 0.319608 0.674958
13000.000000 2.346406 1.560728 0.151036 0.781416 0.155978 0.319069 0.675309
13100.000000 2.348120 1.566760 0.148885 0.781292 0.155675 0.318424 0.675488
13200.000000 2.347851 1.570251 0.146765 0.781184 0.155436 0.317905 0.675189
13300.000000 2.350039 1.575756 0.144676 0.781129 0.155170 0.317382 0.674214
13400.000000 2.350064 1.579441 0.142617 0.781072 0.154937 0.316889 0.674929
13500.000000 2.347998 1.585118 0.140586 0.780916 0.154720 0.316317 0.674598
13600.000000 2.346694 1.589931 0.138582 0.781014 0.154508 0.315797 0.675289
13700.000000 2.345929 1.593773 0.136607 0.781297 0.154288 0.315307 0.674813
13800.000000 2.347608 1.598073 0.134660 0.781449 0.154011 0.314810 0.675342
13900.000000 2.345052 1.601598 0.132739 0.781627 0.153823 0.314351 0.674749
14000.000000 2.346935 1.606256 0.130845 0.781672 0.153560 0.313844 0.675254
14100.000000 2.344314 1.609336 0.128974 0.781616 0.153392 0.313386 0.675110
14200.000000 2.348113 1.614785 0.127132 0.781510 0.153100 0.312916 0.675416
14300.000000 2.348174 1.617744 0.125316 0.781672 0.152886 0.312510 0.675709
14400.000000 2.349102 1.621890 0.123529 0.781954 0.152652 0.312032 0.675375
14500.000000 2.348615 1.624780 0.121767 0.782051 0.152434 0.311615 0.675361
14600.000000 2.347786 1.628330 0.120028 0.782382 0.152267 0.311207 0.675331
14700.000000 2.349085 1.632852 0.118317 0.782658 0.152062 0.310787 0.675718
14800.000000 2.348474 1.636251 0.116635 0.782835 0.151840 0.310376 0.676348
14900.000000 2.345413 1.638921 0.114977 0.782823 0.151729 0.310000 0.677268
15000.000000 2.346239 1.643926 0.113342 0.782718 0.151513 0.309573 0.676333
15100.000000 2.345806 1.646675 0.111734 0.782617 0.151326 0.309190 0.676435
15200.000000 2.346718 1.650142 0.110147 0.782499 0.151142 0.308774 0.676756
15300.000000 2.351150 1.655312 0.108585 0.782269 0.150913 0.308376 0.675771
15400.000000 2.356320 1.661086 0.107045 0.782068 0.150684 0.307964 0.675903
15500.000000 2.356261 1.662878 0.105532 0.781882 0.150538 0.307664 0.675558
15600.000000 2.356046 1.666938 0.104040 0.781491 0.150367 0.307302 0.676278
15700.000000 2.354836 1.669425 0.102565 0.781459 0.150201 0.306969 0.676230
15800.000000 2.356740 1.672604 0.101112 0.781534 0.150009 0.306628 0.676266
15900.000000 2.355514 1.676080 0.099679 0.781709 0.149830 0.306298 0.676320
16000.000000 2.355040 1.680503 0.098269 0.781738 0.149683 0.305941 0.675970
16100.000000 2.354068 1.681872 0.096876 0.781561 0.149547 0.305681 0.675724
16200.000000 2.357095 1.688254 0.095502 0.781479 0.149341 0.305288 0.675816
16300.000000 2.356258 1.691730 0.094149 0.781682 0.149199 0.304985 0.676447
16400.000000 2.354233 1.692499 0.092815 0.781776 0.149083 0.304738 0.676213
16500.000000 2.355639 1.697310 0.091498 0.781824 0.148910 0.304398 0.676281
16600.000000 2.355175 1.698586 0.090198 0.782140 0.148756 0.304135 0.676766
16700.000000 2.354862 1.701413 0.088916 0.782383 0.148620 0.303838 0.676571
16800.000000 2.357060 1.705181 0.087653 0.782583 0.148454 0.303533 0.676685
16900.000000 2.355758 1.709974 0.086413 0.782842 0.148298 0.303219 0.676001
17000.000000 2.350440 1.709159 0.085192 0.783012 0.148216 0.303019 0.676608
17100.000000 2.350608 1.712758 0.083986 0.783056 0.148074 0.302697 0.677002
17200.000000 2.353258 1.717800 0.082796 0.783315 0.147898 0.302404 0.677312
17300.000000 2.351892 1.720311 0.081621 0.783596 0.147789 0.302140 0.676661
17400.000000 2.345310 1.720697 0.080459 0.783916 0.147704 0.301918 0.676942
17500.000000 2.347420 1.726868 0.079320 0.784081 0.147571 0.301607 0.676971
17600.000000 2.342052 1.727252 0.078198 0.784544 0.147478 0.301403 0.678090
17700.000000 2.337369 1.730020 0.077091 0.784889 0.147414 0.301166 0.678022
17800.000000 2.337355 1.735122 0.076002 0.785149 0.147289 0.300883 0.677009
17900.000000 2.335349 1.737627 0.074928 0.785383 0.147178 0.300638 0.677179
18000.000000 2.333787 1.740398 0.073865 0.785636 0.147085 0.300416 0.677037
18100.000000 2.331380 1.740617 0.072818 0.785742 0.146990 0.300232 0.677708
18200.000000 2.331502 1.744962 0.071784 0.786073 0.146877 0.299982 0.677096
18300.000000 2.328631 1.746772 0.070765 0.786267 0.146786 0.299803 0.677191
18400.000000 2.324145 1.748149 0.069762 0.786662 0.146686 0.299582 0.676687
18500.000000 2.321304 1.749155 0.068778 0.787001 0.146575 0.299371 0.677352
18600.000000 2.318857 1.753119 0.067807 0.787352 0.146491 0.299135 0.677188
18700.000000 2.318129 1.755094 0.066849 0.787753 0.146402 0.298959 0.677774
18800.000000 2.310849 1.753855 0.065906 0.787956 0.146349 0.298803 0.676733
18900.000000 2.315041 1.759939 0.064975 0.788297 0.146234 0.298557 0.677747
19000.000000 2.314388 1.760910 0.064055 0.788529 0.146128 0.298371 0.676969
19100.000000 2.313394 1.763609 0.063149 0.788742 0.146052 0.298191 0.677880
19200.000000 2.310925 1.767099 0.062255 0.788864 0.145988 0.298005 0.677766
19300.000000 2.308907 1.767185 0.061375 0.789001 0.145907 0.297850 0.678262
19400.000000 2.307477 1.769905 0.060506 0.788803 0.145817 0.297659 0.678051
19500.000000 2.303005 1.769035 0.059655 0.789047 0.145763 0.297511 0.679327
19600.000000 2.301034 1.771065 0.058814 0.789118 0.145695 0.297344 0.678100
19700.000000 2.299408 1.772358 0.057986 0.789010 0.145621 0.297202 0.678533
19800.000000 2.302978 1.775316 0.057170 0.789006 0.145509 0.297013 0.677515
19900.000000 2.303163 1.775598 0.056368 0.788826 0.145416 0.296875 0.678609
20000.000000 2.304569 1.777908 0.055578 0.788578 0.145309 0.296705 0.678023
20100.000000 2.302219 1.778170 0.054800 0.788386 0.145244 0.296565 0.678784
20200.000000 2.299440 1.778589 0.054034 0.788164 0.145179 0.296429 0.678326
20300.000000 2.303815 1.782362 0.053277 0.788122 0.145044 0.296221 0.678541
20400.000000 2.303544 1.782773 0.052530 0.788167 0.144970 0.296075 0.678412
20500.000000 2.303604 1.783506 0.051794 0.788102 0.144882 0.295948 0.677938
20600.000000 2.303785 1.783714 0.051070 0.787891 0.144806 0.295819 0.678318
20700.000000 2.305863 1.785744 0.050356 0.787590 0.144716 0.295667 0.678228
20800.000000 2.305030 1.786363 0.049652 0.787297 0.144646 0.295519 0.677836
20900.000000 2.309107 1.787724 0.048957 0.786943 0.144543 0.295391 0.678387
21000.000000 2.312689 1.789529 0.048270 0.786583 0.144449 0.295244 0.678742
21100.000000 2.314418 1.789393 0.047590 0.786373 0.144393 0.295135 0.678411
21200.000000 2.319714 1.793608 0.046921 0.786289 0.144294 0.294976 0.679083
21300.000000 2.317095 1.791873 0.046260 0.785948 0.144219 0.294857 0.678500
21400.000000 2.316921 1.793240 0.045609 0.785702 0.144148 0.294741 0.678742
21500.000000 2.320085 1.794660 0.044969 0.785423 0.144064 0.294631 0.679420
21600.000000 2.319780 1.794520 0.044338 0.785258 0.144016 0.294510 0.679180
21700.000000 2.325438 1.799348 0.043716 0.784845 0.143920 0.294361 0.680695
21800.000000 2.325690 1.799604 0.043100 0.784609 0.143836 0.294255 0.679724
21900.000000 2.329123 1.802595 0.042493 0.784316 0.143761 0.294122 0.681287
22000.000000 2.331014 1.804095 0.041893 0.784028 0.143674 0.293998 0.680627
22100.000000 2.331661 1.805207 0.041302 0.783628 0.143591 0.293880 0.678960
22200.000000 2.329610 1.806727 0.040718 0.783615 0.143539 0.293760 0.681219
22300.000000 2.332579 1.814074 0.040145 0.783582 0.143463 0.293604 0.681242
22400.000000 2.332573 1.814086 0.039577 0.783501 0.143404 0.293515 0.680183
22500.000000 2.333704 1.814565 0.039018 0.783435 0.143334 0.293408 0.679900
22600.000000 2.337666 1.816984 0.038469 0.783343 0.143249 0.293293 0.681124
22700.000000 2.337695 1.818321 0.037928 0.783215 0.143201 0.293194 0.681412
22800.000000 2.344357 1.823540 0.037397 0.783102 0.143118 0.293072 0.681605
22900.000000 2.342735 1.826791 0.036870 0.782969 0.143069 0.292954 0.682833
23000.000000 2.341673 1.825041 0.036349 0.782983 0.143007 0.292855 0.682640
23100.000000 2.344853 1.829151 0.035834 0.782898 0.142915 0.292731 0.682807
23200.000000 2.346263 1.831248 0.035323 0.782877 0.142867 0.292639 0.683208
23300.000000 2.346860 1.833052 0.034819 0.782878 0.142790 0.292528 0.683305
23400.000000 2.346621 1.835616 0.034324 0.783140 0.142740 0.292415 0.683716
23500.000000 2.349027 1.835064 0.033837 0.783012 0.142698 0.292338 0.684386
23600.000000 2.347168 1.836802 0.033357 0.782811 0.142655 0.292254 0.684629
23700.000000 2.351039 1.840278 0.032885 0.782650 0.142568 0.292143 0.683703
23800.000000 2.350047 1.839595 0.032419 0.782227 0.142521 0.292071 0.683942
23900.000000 2.351089 1.837463 0.031959 0.781922 0.142451 0.291987 0.685303
24000.000000 2.360641 1.842359 0.031505 0.781510 0.142379 0.291878 0.685146
24100.000000 2.368024 1.850302 0.031058 0.781123 0.142287 0.291733 0.686104
24200.000000 2.365588 1.849602 0.030616 0.780763 0.142242 0.291674 0.685464
24300.000000 2.367748 1.852412 0.030180 0.780323 0.142190 0.291582 0.686195
24400.000000 2.366662 1.849508 0.029753 0.780165 0.142134 0.291498 0.684784
24500.000000 2.366315 1.850185 0.029333 0.779655 0.142102 0.291432 0.685065
24600.000000 2.370606 1.850594 0.028919 0.779537 0.142037 0.291362 0.683615
24700.000000 2.372244 1.853540 0.028511 0.779506 0.141983 0.291256 0.684950
24800.000000 2.376437 1.856289 0.028107 0.779533 0.141927 0.291174 0.686019
24900.000000 2.377633 1.856864 0.027711 0.779399 0.141862 0.291089 0.686176
25000.000000 2.374783 1.856232 0.027321 0.779250 0.141838 0.291023 0.686411
25100.000000 2.379629 1.859211 0.026936 0.779177 0.141769 0.290939 0.687158
25200.000000 2.383245 1.866423 0.026556 0.779080 0.141719 0.290832 0.684902
25300.000000 2.379462 1.865024 0.026181 0.778917 0.141693 0.290777 0.686204
25400.000000 2.384929 1.869513 0.025811 0.778754 0.141638 0.290685 0.687749
25500.000000 2.383109 1.868140 0.025447 0.778747 0.141596 0.290615 0.687396
25600.000000 2.382917 1.870535 0.025090 0.778558 0.141555 0.290538 0.687532
25700.000000 2.390766 1.872776 0.024740 0.778195 0.141488 0.290473 0.687436
25800.000000 2.398076 1.875443 0.024394 0.777732 0.141428 0.290389 0.686246
25900.000000 2.399285 1.877644 0.024056 0.777390 0.141381 0.290313 0.685910
26000.000000 2.395889 1.877107 0.023723 0.777047 0.141351 0.290258 0.687578
26100.000000 2.395468 1.879246 0.023394 0.776675 0.141307 0.290194 0.688335
26200.000000 2.394537 1.880179 0.023072 0.776380 0.141261 0.290130 0.687767
26300.000000 2.392995 1.882519 0.022754 0.775985 0.141225 0.290059 0.687228
26400.000000 2.394989 1.883606 0.022441 0.775840 0.141181 0.289992 0.687542
26500.000000 2.394321 1.884461 0.022131 0.775816 0.141162 0.289944 0.687721
26600.000000 2.400101 1.891915 0.021824 0.775657 0.141124 0.289867 0.688613
26700.000000 2.389654 1.882881 0.021523 0.775611 0.141115 0.289844 0.687074
26800.000000 2.398119 1.890333 0.021226 0.775379 0.141056 0.289761 0.687927
26900.000000 2.402207 1.895441 0.020935 0.775136 0.141022 0.289685 0.687697
27000.000000 2.397713 1.895421 0.020646 0.775056 0.141000 0.289630 0.688566
27100.000000 2.398218 1.895761 0.020362 0.774838 0.140959 0.289571 0.688143
27200.000000 2.393192 1.898481 0.020081 0.774801 0.140948 0.289514 0.687587
27300.000000 2.393660 1.898949 0.019804 0.774860 0.140911 0.289454 0.689043
27400.000000 2.392937 1.898384 0.019531 0.774769 0.140882 0.289416 0.690402
27500.000000 2.391843 1.896704 0.019263 0.774780 0.140858 0.289376 0.689124
27600.000000 2.397310 1.903903 0.018999 0.774864 0.140811 0.289305 0.690626
27700.000000 2.400428 1.908105 0.018736 0.774939 0.140776 0.289245 0.690210
27800.000000 2.399013 1.910008 0.018476 0.775158 0.140750 0.289188 0.690884
27900.000000 2.398574 1.910366 0.018219 0.775340 0.140711 0.289140 0.690769
28000.000000 2.395442 1.909862 0.017965 0.775305 0.140683 0.289099 0.690670
28100.000000 2.390668 1.909881 0.017714 0.775576 0.140665 0.289051 0.692009
28200.000000 2.389622 1.913251 0.017468 0.775784 0.140647 0.288999 0.689259
28300.000000 2.381208 1.911066 0.017224 0.776102 0.140639 0.288966 0.691035
28400.000000 2.392986 1.922144 0.016983 0.776363 0.140576 0.288885 0.692500
28500.000000 2.385450 1.918574 0.016746 0.776689 0.140574 0.288856 0.693166
28600.000000 2.386951 1.917782 0.016516 0.776946 0.140557 0.288826 0.692840
28700.000000 2.379953 1.914138 0.016287 0.777155 0.140546 0.288788 0.693593
28800.000000 2.382609 1.915853 0.016061 0.777441 0.140521 0.288757 0.694283
28900.000000 2.384366 1.920579 0.015839 0.777726 0.140489 0.288700 0.693940
29000.000000 2.390559 1.930340 0.015620 0.777986 0.140462 0.288637 0.693193
29100.000000 2.388879 1.927576 0.015404 0.778254 0.140434 0.288595 0.693804
29200.000000 2.383967 1.930809 0.015189 0.778552 0.140421 0.288558 0.694097
29300.000000 2.377582 1.930073 0.014976 0.778822 0.140405 0.288527 0.692702
29400.000000 2.372913 1.929486 0.014768 0.779257 0.140398 0.288494 0.693314
29500.000000 2.363943 1.926204 0.014561 0.779419 0.140386 0.288460 0.695462
29600.000000 2.360525 1.928131 0.014357 0.779672 0.140365 0.288425 0.691933
29700.000000 2.359824 1.928524 0.014156 0.779524 0.140331 0.288382 0.694937
29800.000000 2.364464 1.935936 0.013958 0.779338 0.140293 0.288325 0.697483
29900.000000 2.360921 1.932121 0.013763 0.779361 0.140275 0.288307 0.694494
30000.000000 2.353210 1.927451 0.013572 0.779490 0.140269 0.288283 0.696077
30100.000000 2.356223 1.933023 0.013384 0.779644 0.140243 0.288239 0.698293
30200.000000 2.354913 1.932017 0.013198 0.779515 0.140225 0.288204 0.696874
30300.000000 2.356783 1.932206 0.013014 0.779244 0.140202 0.288165 0.696412
30400.000000 2.358974 1.934728 0.012833 0.779136 0.140174 0.288131 0.697782
30500.000000 2.363804 1.938656 0.012653 0.778915 0.140151 0.288091 0.696927
30600.000000 2.362579 1.940737 0.012478 0.778800 0.140127 0.288056 0.697776
30700.000000 2.357783 1.938129 0.012304 0.778839 0.140119 0.288044 0.697820
30800.000000 2.351083 1.932015 0.012132 0.778914 0.140110 0.288025 0.699392
30900.000000 2.351350 1.933982 0.011963 0.778981 0.140094 0.287996 0.699143
31000.000000 2.350405 1.934201 0.011796 0.779161 0.140085 0.287965 0.700470
31100.000000 2.339695 1.927450 0.011630 0.779329 0.140084 0.287945 0.702311
31200.000000 2.343462 1.929811 0.011467 0.779515 0.140060 0.287923 0.700652
31300.000000 2.346715 1.932965 0.011305 0.779609 0.140043 0.287890 0.703256
31400.000000 2.353047 1.938728 0.011144 0.779843 0.140032 0.287856 0.700543
31500.000000 2.343134 1.933632 0.010986 0.779977 0.140023 0.287842 0.700563
31600.000000 2.343527 1.933787 0.010831 0.780031 0.140000 0.287820 0.702907
31700.000000 2.349443 1.937191 0.010678 0.780226 0.139976 0.287790 0.704474
31800.000000 2.351408 1.933536 0.010529 0.780544 0.139965 0.287772 0.704125
31900.000000 2.353055 1.932844 0.010381 0.780646 0.139954 0.287754 0.705683
32000.000000 2.358145 1.936608 0.010235 0.780675 0.139934 0.287727 0.703393
32100.000000 2.356652 1.936068 0.010091 0.780753 0.139928 0.287713 0.706914
32200.000000 2.360104 1.935869 0.009949 0.780788 0.139907 0.287677 0.705431
32300.000000 2.363088 1.933608 0.009808 0.780794 0.139896 0.287668 0.706285
32400.000000 2.367960 1.936315 0.009670 0.780841 0.139868 0.287631 0.707125
32500.000000 2.355149 1.926010 0.009533 0.780845 0.139871 0.287635 0.708531
32600.000000 2.355403 1.926466 0.009398 0.780838 0.139859 0.287616 0.705209
32700.000000 2.358566 1.922726 0.009265 0.780786 0.139847 0.287600 0.708311
32800.000000 2.358204 1.925365 0.009133 0.780942 0.139833 0.287573 0.707357
32900.000000 2.361815 1.931617 0.009001 0.781066 0.139816 0.287538 0.706439
33000.000000 2.369074 1.936301 0.008872 0.781205 0.139792 0.287503 0.706225
33100.000000 2.361585 1.933007 0.008744 0.781223 0.139787 0.287494 0.709682
33200.000000 2.355673 1.929274 0.008618 0.781396 0.139779 0.287482 0.706609
33300.000000 2.356774 1.935444 0.008493 0.781296 0.139764 0.287451 0.710870
33400.000000 2.351003 1.934049 0.008371 0.781277 0.139763 0.287438 0.710441
33500.000000 2.343774 1.927353 0.008250 0.781194 0.139760 0.287436 0.708304
33600.000000 2.348566 1.936642 0.008129 0.781001 0.139747 0.287397 0.711883
33700.000000 2.354237 1.938196 0.008010 0.780661 0.139733 0.287378 0.711931
33800.000000 2.358774 1.939356 0.007892 0.780530 0.139712 0.287358 0.712331
33900.000000 2.367725 1.943749 0.007777 0.780392 0.139701 0.287339 0.711353
34000.000000 2.363580 1.944847 0.007664 0.780258 0.139697 0.287319 0.713233
34100.000000 2.361562 1.944962 0.007553 0.780165 0.139689 0.287298 0.709919
34200.000000 2.372515 1.953484 0.007443 0.780233 0.139667 0.287270 0.713362
34300.000000 2.373127 1.950820 0.007335 0.780192 0.139659 0.287255 0.713219
34400.000000 2.386799 1.949330 0.007228 0.780101 0.139638 0.287239 0.715956
34500.000000 2.389040 1.958084 0.007123 0.780097 0.139623 0.287218 0.715668
34600.000000 2.379624 1.952394 0.007019 0.779664 0.139615 0.287207 0.715096
34700.000000 2.386514 1.958587 0.006917 0.779371 0.139601 0.287180 0.717129
34800.000000 2.386568 1.958077 0.006816 0.778974 0.139587 0.287171 0.719946
34900.000000 2.384776 1.958187 0.006716 0.778806 0.139580 0.287153 0.719638
35000.000000 2.388928 1.957807 0.006616 0.778621 0.139571 0.287147 0.718548
35100.000000 2.402434 1.969695 0.006517 0.778538 0.139560 0.287123 0.717407
35200.000000 2.411157 1.973511 0.006420 0.778486 0.139542 0.287093 0.718043
35300.000000 2.412177 1.980442 0.006324 0.778362 0.139539 0.287075 0.718364
35400.000000 2.415641 1.981804 0.006230 0.778372 0.139529 0.287053 0.720254
35500.000000 2.411413 1.979053 0.006138 0.778221 0.139527 0.287048 0.721929
35600.000000 2.404420 1.981950 0.006048 0.777890 0.139523 0.287030 0.723761
35700.000000 2.401253 1.980032 0.005960 0.777484 0.139515 0.287016 0.721702
35800.000000 2.397506 1.971765 0.005873 0.777158 0.139508 0.287007 0.724807
35900.000000 2.399478 1.972914 0.005786 0.776965 0.139497 0.286990 0.724302
36000.000000 2.395961 1.982068 0.005700 0.776968 0.139492 0.286968 0.725519
36100.000000 2.398364 1.984683 0.005615 0.776893 0.139482 0.286949 0.725005
36200.000000 2.390045 1.980759 0.005531 0.776840 0.139470 0.286934 0.725680
36300.000000 2.390488 1.979765 0.005448 0.776640 0.139457 0.286915 0.730313
36400.000000 2.377603 1.973501 0.005366 0.776798 0.139456 0.286911 0.730454
36500.000000 2.379441 1.978672 0.005284 0.776820 0.139452 0.286893 0.730131
36600.000000 2.398598 1.989691 0.005203 0.776827 0.139434 0.286868 0.728480
36700.000000 2.391882 1.986269 0.005124 0.776697 0.139422 0.286853 0.731804
36800.000000 2.389660 1.985212 0.005046 0.776553 0.139412 0.286841 0.731075
36900.000000 2.395303 1.991319 0.004968 0.776613 0.139401 0.286816 0.733572
37000.000000 2.407195 2.003994 0.004892 0.776397 0.139390 0.286795 0.731942
37100.000000 2.406000 2.005147 0.004815 0.776245 0.139382 0.286772 0.731741
37200.000000 2.416610 2.009194 0.004739 0.776171 0.139365 0.286753 0.735381
37300.000000 2.410807 2.001501 0.004666 0.776057 0.139358 0.286744 0.735998
37400.000000 2.422068 2.013120 0.004593 0.775904 0.139343 0.286719 0.735261
37500.000000 2.411185 2.010043 0.004523 0.775899 0.139340 0.286709 0.735641
37600.000000 2.412763 2.015599 0.004454 0.775779 0.139334 0.286690 0.738192
37700.000000 2.415247 2.021013 0.004387 0.775890 0.139325 0.286676 0.740302
37800.000000 2.420909 2.030824 0.004321 0.775925 0.139312 0.286651 0.741687
37900.000000 2.423917 2.026286 0.004255 0.775794 0.139303 0.286641 0.741396
38000.000000 2.427758 2.031261 0.004191 0.775695 0.139296 0.286626 0.738780
38100.000000 2.434896 2.038489 0.004126 0.775721 0.139289 0.286610 0.744330
38200.000000 2.432640 2.036313 0.004063 0.775710 0.139285 0.286600 0.743263
38300.000000 2.435943 2.038224 0.003999 0.775890 0.139279 0.286588 0.743922
38400.000000 2.440651 2.043829 0.003936 0.776300 0.139273 0.286576 0.740946
38500.000000 2.434708 2.037152 0.003874 0.776619 0.139269 0.286568 0.744090
38600.000000 2.442397 2.043946 0.003812 0.776826 0.139260 0.286554 0.746601
38700.000000 2.431914 2.036434 0.003751 0.776849 0.139253 0.286541 0.743134
38800.000000 2.457058 2.049715 0.003692 0.776800 0.139238 0.286521 0.747368
38900.000000 2.463302 2.044439 0.003634 0.776774 0.139229 0.286518 0.750344
39000.000000 2.465309 2.043895 0.003576 0.776693 0.139217 0.286506 0.751376
39100.000000 2.471807 2.039669 0.003520 0.776605 0.139211 0.286502 0.752938
39200.000000 2.483631 2.051189 0.003465 0.776598 0.139202 0.286487 0.753809
39300.000000 2.480998 2.041480 0.003411 0.776650 0.139200 0.286481 0.754337
39400.000000 2.472611 2.035273 0.003357 0.776603 0.139200 0.286480 0.754855
39500.000000 2.470708 2.031964 0.003304 0.776667 0.139194 0.286472 0.757711
39600.000000 2.486836 2.038443 0.003253 0.776686 0.139179 0.286452 0.758694
39700.000000 2.489243 2.043829 0.003202 0.776751 0.139172 0.286437 0.756188
39800.000000 2.492820 2.041459 0.003152 0.776787 0.139166 0.286432 0.758312
39900.000000 2.493383 2.044964 0.003103 0.776685 0.139161 0.286426 0.761672
40000.000000 2.493073 2.051029 0.003055 0.776644 0.139152 0.286408 0.762023
40100.000000 2.478822 2.038444 0.003009 0.776549 0.139153 0.286404 0.764389
40200.000000 2.485807 2.041852 0.002963 0.776382 0.139143 0.286397 0.770748
40300.000000 2.480371 2.044635 0.002917 0.776191 0.139144 0.286389 0.769752
40400.000000 2.471275 2.041518 0.002872 0.776130 0.139141 0.286382 0.772676
40500.000000 2.463077 2.039296 0.002830 0.776047 0.139137 0.286374 0.771731
40600.000000 2.461348 2.038756 0.002788 0.776023 0.139134 0.286372 0.773417
40700.000000 2.463099 2.039530 0.002748 0.776001 0.139126 0.286358 0.777013
40800.000000 2.447559 2.027893 0.002709 0.776248 0.139123 0.286357 0.774481
40900.000000 2.457249 2.031516 0.002670 0.776358 0.139117 0.286347 0.773276
41000.000000 2.465555 2.042737 0.002632 0.776281 0.139108 0.286331 0.779658
41100.000000 2.468949 2.048756 0.002594 0.776473 0.139101 0.286321 0.783392
41200.000000 2.457660 2.049867 0.002556 0.776422 0.139098 0.286313 0.786510
41300.000000 2.454910 2.043236 0.002519 0.776445 0.139091 0.286309 0.791164
41400.000000 2.453791 2.048472 0.002481 0.776639 0.139088 0.286302 0.788305
41500.000000 2.464354 2.062801 0.002444 0.776718 0.139079 0.286288 0.794030
41600.000000 2.465657 2.067343 0.002408 0.776760 0.139072 0.286279 0.792873
41700.000000 2.477064 2.067641 0.002373 0.776783 0.139066 0.286273 -nan
41800.000000 2.459150 2.061957 0.002338 0.776983 0.139064 0.286269 -nan
41900.000000 2.447235 2.053781 0.002303 0.776970 0.139062 0.286270 -nan
42000.000000 2.447595 2.050350 0.002270 0.776924 0.139056 0.286266 -nan
42100.000000 2.463328 2.057349 0.002237 0.776771 0.139046 0.286257 -nan
42200.000000 2.467328 2.061072 0.002205 0.776393 0.139046 0.286247 -nan
42300.000000 2.476112 2.070329 0.002174 0.776299 0.139043 0.286237 -nan
42400.000000 2.448455 2.047134 0.002143 0.775992 0.139046 0.286240 -nan
42500.000000 2.458689 2.047386 0.002113 0.775798 0.139042 0.286234 -nan
42600.000000 2.460814 2.039345 0.002084 0.775717 0.139038 0.286231 -nan
42700.000000 2.483317 2.052606 0.002055 0.775644 0.139030 0.286219 -nan
42800.000000 2.466441 2.042318 0.002028 0.775364 0.139029 0.286216 -nan
42900.000000 2.469084 2.039199 0.002000 0.775228 0.139025 0.286210 -nan
43000.000000 2.464342 2.024805 0.001973 0.775105 0.139023 0.286210 -nan
43100.000000 2.460039 2.026407 0.001947 0.774939 0.139020 0.286201 -nan
43200.000000 2.460417 2.012895 0.001920 0.774923 0.139016 0.286200 -nan
43300.000000 2.439484 2.004897 0.001895 0.774888 0.139013 0.286194 -nan
43400.000000 2.441179 2.015675 0.001870 0.774892 0.139008 0.286181 -nan
43500.000000 2.438685 2.013959 0.001845 0.774915 0.139003 0.286175 -nan
43600.000000 2.409295 1.999250 0.001821 0.774892 0.139004 0.286172 -nan
43700.000000 2.413159 1.998754 0.001797 0.774815 0.139003 0.286167 -nan
43800.000000 2.412300 1.998414 0.001774 0.774682 0.138999 0.286160 -nan
43900.000000 2.392879 1.986805 0.001751 0.774579 0.138999 0.286159 -nan
44000.000000 2.374817 1.953321 0.001728 0.774418 0.138998 0.286161 -nan
44100.000000 2.366524 1.952523 0.001705 0.774173 0.138997 0.286155 -nan
44200.000000 2.354286 1.928975 0.001682 0.773914 0.138994 0.286153 -nan
44300.000000 2.351662 1.924841 0.001660 0.773566 0.138990 0.286147 -nan
44400.000000 2.332468 1.924969 0.001637 0.773010 0.138992 0.286142 -nan
44500.000000 2.328793 1.910354 0.001615 0.772577 0.138994 0.286140 -nan
44600.000000 2.324831 1.890188 0.001593 0.772098 0.138990 0.286141 -nan
44700.000000 2.322666 1.896026 0.001571 0.771698 0.138989 0.286133 -nan
44800.000000 2.308432 1.868068 0.001550 0.771409 0.138990 0.286136 -nan
44900.000000 2.308700 1.872231 0.001530 0.771263 0.138988 0.286129 -nan
45000.000000 2.306062 1.856326 0.001510 0.771182 0.138986 0.286126 -nan
45100.000000 2.298489 1.850820 0.001491 0.770904 0.138986 0.286122 -nan
45200.000000 2.308080 1.860597 0.001472 0.770714 0.138983 0.286117 -nan
45300.000000 2.303742 1.861318 0.001453 0.770450 0.138984 0.286112 -nan
45400.000000 2.304607 1.853793 0.001435 0.770090 0.138981 0.286110 -nan
45500.000000 2.290949 1.843822 0.001417 0.769721 0.138985 0.286113 -nan
45600.000000 2.291292 1.832648 0.001399 0.769249 0.138983 0.286107 -nan
45700.000000 2.318875 1.850454 0.001380 0.768965 0.138977 0.286099 -nan
45800.000000 2.329451 1.864847 0.001362 0.768522 0.138973 0.286092 -nan
45900.000000 2.334550 1.869052 0.001344 0.768462 0.138970 0.286088 -nan
46000.000000 2.350555 1.875748 0.001326 0.768276 0.138967 0.286084 -nan
46100.000000 2.350590 1.880060 0.001309 0.768040 0.138963 0.286079 -nan
46200.000000 2.338679 1.860051 0.001292 0.767881 0.138960 0.286078 -nan
46300.000000 2.331280 1.858668 0.001275 0.767786 0.138958 0.286074 -nan
46400.000000 2.312637 1.847890 0.001258 0.767666 0.138958 0.286074 -nan
46500.000000 2.287540 1.834939 0.001241 0.767533 0.138960 0.286073 -nan
46600.000000 2.288070 1.854822 0.001225 0.767608 0.138956 0.286066 -nan
46700.000000 2.252456 1.843030 0.001208 0.767635 0.138961 0.286065 -nan
46800.000000 2.270040 1.849806 0.001192 0.767569 0.138957 0.286060 -nan
46900.000000 2.281762 1.851141 0.001175 0.767437 0.138950 0.286053 -nan
47000.000000 2.283436 1.845316 0.001160 0.767449 0.138948 0.286052 -nan
47100.000000 2.260647 1.831144 0.001144 0.767340 0.138947 0.286051 -nan
47200.000000 2.265792 1.828378 0.001128 0.767462 0.138944 0.286045 -nan
47300.000000 2.252305 1.831534 0.001113 0.767601 0.138944 0.286041 -nan
47400.000000 2.281734 1.857942 0.001098 0.767748 0.138941 0.286034 -nan
47500.000000 2.301331 1.863856 0.001082 0.767836 0.138933 0.286028 -nan
47600.000000 2.336748 1.884429 0.001067 0.767792 0.138928 0.286023 -nan
47700.000000 2.338646 1.876140 0.001052 0.767748 0.138926 0.286018 -nan
47800.000000 2.325275 1.874956 0.001038 0.767804 0.138925 0.286014 -nan
47900.000000 2.332077 1.875997 0.001024 0.767772 0.138921 0.286011 -nan
48000.000000 2.345093 1.878465 0.001011 0.767598 0.138915 0.286003 -nan
48100.000000 2.347315 1.890769 0.000998 0.767463 0.138911 0.285997 -nan
48200.000000 2.343393 1.894331 0.000986 0.767423 0.138911 0.285996 -nan
48300.000000 2.353121 1.900717 0.000973 0.767352 0.138909 0.285993 -nan
48400.000000 2.336401 1.887881 0.000961 0.767234 0.138909 0.285991 -nan
48500.000000 2.309120 1.877789 0.000950 0.767089 0.138911 0.285989 -nan
48600.000000 2.313349 1.894291 0.000938 0.766861 0.138908 0.285981 -nan
48700.000000 2.316018 1.906725 0.000926 0.766618 0.138906 0.285978 -nan
48800.000000 2.311820 1.906275 0.000915 0.766440 0.138901 0.285974 -nan
48900.000000 2.291589 1.885292 0.000904 0.766169 0.138901 0.285971 -nan
49000.000000 2.290084 1.873015 0.000893 0.765811 0.138899 0.285970 -nan
49100.000000 2.322422 1.902222 0.000882 0.765500 0.138896 0.285963 -nan
49200.000000 2.341905 1.902511 0.000871 0.765331 0.138892 0.285960 -nan
49300.000000 2.322780 1.881777 0.000860 0.764977 0.138893 0.285961 -nan
49400.000000 2.331427 1.897228 0.000849 0.764683 0.138890 0.285957 -nan
49500.000000 2.339625 1.917041 0.000838 0.764560 0.138885 0.285949 -nan
49600.000000 2.330389 1.906655 0.000827 0.764417 0.138885 0.285947 -nan
49700.000000 2.317710 1.897937 0.000816 0.764220 0.138882 0.285946 -nan
49800.000000 2.353706 1.923777 0.000806 0.764066 0.138876 0.285938 -nan
49900.000000 2.380430 1.941000 0.000796 0.763718 0.138874 0.285935 -nan
50000.000000 2.381564 1.936317 0.000786 0.763386 0.138873 0.285932 -nan
