#-t-MSD1-MSD2-MSDCR1-MSDCR2-survive-Fkv-Fkvv-FkvvCR
100.000000 1.124634 0.000000 0.882189 0.000000 0.935529 0.933646 0.396248 0.473841
200.000000 1.519873 0.069954 1.027124 0.070525 0.913655 0.907597 0.294870 0.415947
300.000000 1.778073 0.141510 1.120062 0.144314 0.893223 0.888755 0.239881 0.377864
400.000000 1.978534 0.210451 1.206170 0.216161 0.873243 0.873732 0.202912 0.344432
500.000000 2.149647 0.278582 1.288141 0.287455 0.853865 0.860778 0.175297 0.314813
600.000000 2.301262 0.346210 1.369481 0.358407 0.835033 0.849394 0.153611 0.287906
700.000000 2.437977 0.413457 1.448380 0.428964 0.816677 0.839713 0.135973 0.263622
800.000000 2.565335 0.480445 1.525779 0.499420 0.798826 0.830541 0.120986 0.241694
900.000000 2.683901 0.547157 1.602401 0.569588 0.781488 0.822014 0.108560 0.221827
1000.000000 2.797875 0.613708 1.679405 0.639462 0.764592 0.814048 0.097504 0.203456
1100.000000 2.908399 0.679941 1.754891 0.708866 0.748105 0.806444 0.087848 0.186766
1200.000000 3.015258 0.746019 1.830209 0.778098 0.732025 0.799654 0.079309 0.171505
1300.000000 3.120021 0.812055 1.906250 0.847196 0.716317 0.792890 0.071786 0.157337
1400.000000 3.217418 0.877902 1.980666 0.916140 0.700996 0.786812 0.065421 0.144685
1500.000000 3.310976 0.943563 2.054784 0.984871 0.686035 0.781295 0.059645 0.132991
1600.000000 3.402399 1.008990 2.129465 1.053393 0.671401 0.776224 0.054469 0.122185
1700.000000 3.493906 1.074675 2.204438 1.121945 0.657080 0.770747 0.049621 0.112159
1800.000000 3.581755 1.140183 2.278963 1.190345 0.643132 0.765641 0.045398 0.103137
1900.000000 3.666974 1.205694 2.352599 1.258838 0.629472 0.760796 0.041595 0.094853
2000.000000 3.751941 1.271091 2.426612 1.327279 0.616137 0.756512 0.038145 0.087222
2100.000000 3.835072 1.336509 2.501968 1.395554 0.603095 0.752346 0.035055 0.080159
2200.000000 3.918577 1.402073 2.576593 1.463947 0.590334 0.748374 0.032188 0.073757
2300.000000 3.996842 1.467325 2.649312 1.531791 0.577887 0.744614 0.029648 0.067921
2400.000000 4.074176 1.532449 2.723507 1.599781 0.565736 0.740907 0.027335 0.062494
2500.000000 4.150352 1.597597 2.798724 1.667683 0.553817 0.737481 0.025246 0.057458
2600.000000 4.224825 1.662669 2.870829 1.735305 0.542172 0.734008 0.023321 0.052918
2700.000000 4.301033 1.727756 2.945034 1.802976 0.530805 0.730832 0.021520 0.048725
2800.000000 4.374610 1.792565 3.018533 1.870285 0.519684 0.727727 0.019837 0.044794
2900.000000 4.451042 1.857209 3.092635 1.937494 0.508793 0.724239 0.018316 0.041277
3000.000000 4.524221 1.921781 3.164094 2.004690 0.498166 0.721259 0.016913 0.038009
3100.000000 4.596440 1.986144 3.237111 2.071447 0.487739 0.718123 0.015640 0.034981
3200.000000 4.670733 2.050571 3.312075 2.138035 0.477528 0.715517 0.014427 0.032153
3300.000000 4.746319 2.115227 3.387074 2.205180 0.467539 0.712901 0.013280 0.029609
3400.000000 4.819158 2.179693 3.459982 2.271894 0.457761 0.710456 0.012288 0.027266
3500.000000 4.892201 2.244330 3.534557 2.338864 0.448194 0.707691 0.011373 0.025078
3600.000000 4.964804 2.308506 3.607862 2.405204 0.438854 0.705257 0.010505 0.023102
3700.000000 5.038058 2.372362 3.682260 2.471266 0.429701 0.702699 0.009707 0.021283
3800.000000 5.110288 2.436481 3.755497 2.537586 0.420760 0.700136 0.008964 0.019583
3900.000000 5.182028 2.500650 3.830600 2.603827 0.412014 0.697994 0.008318 0.018029
4000.000000 5.256616 2.564833 3.903382 2.670021 0.403459 0.695472 0.007687 0.016598
4100.000000 5.328347 2.628352 3.975057 2.735656 0.395051 0.692823 0.007105 0.015313
4200.000000 5.399088 2.692417 4.047531 2.801622 0.386867 0.690499 0.006564 0.014098
4300.000000 5.471050 2.756706 4.120119 2.867888 0.378846 0.688284 0.006062 0.012975
4400.000000 5.542546 2.820490 4.191745 2.933579 0.370979 0.685773 0.005616 0.011949
4500.000000 5.611755 2.884417 4.263832 2.999607 0.363292 0.683461 0.005190 0.011010
4600.000000 5.686845 2.948367 4.339201 3.065466 0.355759 0.681385 0.004790 0.010148
4700.000000 5.758593 3.012064 4.410409 3.130942 0.348407 0.679732 0.004443 0.009372
4800.000000 5.824304 3.075946 4.482259 3.196651 0.341204 0.678051 0.004143 0.008658
4900.000000 5.895409 3.139809 4.555362 3.261868 0.334162 0.676246 0.003844 0.007975
5000.000000 5.961720 3.203677 4.625999 3.327234 0.327267 0.674477 0.003567 0.007365
5100.000000 6.029633 3.267447 4.697957 3.392500 0.320509 0.672394 0.003308 0.006786
5200.000000 6.099228 3.331254 4.769511 3.457862 0.313900 0.670396 0.003066 0.006259
5300.000000 6.167393 3.395469 4.839919 3.524032 0.307407 0.668462 0.002848 0.005786
5400.000000 6.236509 3.460029 4.912900 3.590103 0.301064 0.666737 0.002639 0.005337
5500.000000 6.305394 3.525003 4.985147 3.656472 0.294876 0.664606 0.002449 0.004926
5600.000000 6.375954 3.589996 5.055390 3.722999 0.288819 0.662560 0.002267 0.004551
5700.000000 6.442805 3.655146 5.127792 3.789502 0.282877 0.660778 0.002105 0.004210
5800.000000 6.512682 3.719982 5.199354 3.855889 0.277049 0.659083 0.001962 0.003894
5900.000000 6.579134 3.784582 5.271970 3.922024 0.271333 0.657741 0.001823 0.003591
6000.000000 6.646294 3.849371 5.344892 3.988221 0.265725 0.656543 0.001692 0.003314
6100.000000 6.710836 3.914148 5.414016 4.054526 0.260250 0.655294 0.001578 0.003063
6200.000000 6.777921 3.978995 5.485901 4.120717 0.254893 0.654036 0.001474 0.002835
6300.000000 6.847546 4.043677 5.556442 4.187119 0.249636 0.652687 0.001370 0.002623
6400.000000 6.913624 4.108152 5.626089 4.253511 0.244495 0.651121 0.001276 0.002426
6500.000000 6.979982 4.172536 5.697923 4.319150 0.239465 0.649710 0.001187 0.002237
6600.000000 7.045567 4.237553 5.769834 4.385163 0.234552 0.648160 0.001107 0.002069
6700.000000 7.111057 4.302345 5.840454 4.451455 0.229732 0.646535 0.001034 0.001924
6800.000000 7.176939 4.366828 5.910412 4.517216 0.225011 0.645237 0.000963 0.001777
6900.000000 7.240887 4.431222 5.981637 4.582762 0.220371 0.644097 0.000893 0.001637
7000.000000 7.304079 4.495116 6.054888 4.647851 0.215840 0.642969 0.000837 0.001521
7100.000000 7.367497 4.559311 6.124222 4.713201 0.211402 0.641605 0.000786 0.001415
7200.000000 7.434636 4.623254 6.198519 4.778373 0.207057 0.640532 0.000734 0.001308
7300.000000 7.502102 4.687225 6.272070 4.843796 0.202810 0.639525 0.000684 0.001209
7400.000000 7.565415 4.751744 6.341733 4.909669 0.198634 0.638411 0.000640 0.001123
7500.000000 7.628696 4.816216 6.412946 4.975499 0.194559 0.637308 0.000601 0.001047
7600.000000 7.692804 4.879882 6.484171 5.040647 0.190563 0.636058 0.000555 0.000964
7700.000000 7.755236 4.943985 6.554116 5.106235 0.186649 0.634584 0.000524 0.000896
7800.000000 7.824018 5.007475 6.627425 5.170956 0.182810 0.632991 0.000490 0.000833
7900.000000 7.889183 5.071049 6.698243 5.236256 0.179050 0.631468 0.000459 0.000772
8000.000000 7.951386 5.134546 6.766900 5.301494 0.175378 0.630054 0.000427 0.000716
8100.000000 8.015793 5.197903 6.839042 5.366791 0.171779 0.629041 0.000401 0.000667
8200.000000 8.075745 5.261409 6.905549 5.432404 0.168254 0.627762 0.000379 0.000619
8300.000000 8.140863 5.323959 6.978274 5.496395 0.164807 0.626497 0.000356 0.000575
8400.000000 8.201941 5.386719 7.045669 5.561220 0.161410 0.625346 0.000335 0.000535
8500.000000 8.266792 5.448535 7.114118 5.624864 0.158102 0.623918 0.000312 0.000499
8600.000000 8.328873 5.510423 7.178492 5.688408 0.154856 0.622636 0.000294 0.000465
8700.000000 8.397724 5.572597 7.248582 5.751999 0.151672 0.621277 0.000276 0.000433
8800.000000 8.469986 5.633909 7.317126 5.814696 0.148568 0.619617 0.000258 0.000404
8900.000000 8.537933 5.695050 7.387513 5.877302 0.145522 0.618144 0.000240 0.000375
9000.000000 8.603375 5.755986 7.453472 5.939806 0.142533 0.616868 0.000227 0.000352
9100.000000 8.674042 5.816792 7.525573 6.002130 0.139608 0.615573 0.000214 0.000328
9200.000000 8.741949 5.877181 7.594636 6.064077 0.136746 0.614120 0.000201 0.000305
9300.000000 8.804988 5.937597 7.660584 6.125654 0.133930 0.612865 0.000191 0.000286
9400.000000 8.875648 5.998822 7.729665 6.187836 0.131172 0.611352 0.000180 0.000269
9500.000000 8.944031 6.059726 7.799185 6.249900 0.128466 0.610319 0.000172 0.000251
9600.000000 9.007970 6.119440 7.868020 6.310839 0.125819 0.609066 0.000161 0.000233
9700.000000 9.075344 6.178408 7.934111 6.371231 0.123222 0.607999 0.000153 0.000220
9800.000000 9.145680 6.237758 8.006277 6.431631 0.120669 0.606652 0.000145 0.000205
9900.000000 9.207200 6.295725 8.070492 6.490786 0.118172 0.605317 0.000137 0.000193
10000.000000 9.274892 6.354578 8.139472 6.551844 0.115732 0.604114 0.000130 0.000180
10100.000000 9.342031 6.412688 8.207278 6.611302 0.113345 0.602997 0.000124 0.000171
10200.000000 9.405384 6.469952 8.273610 6.670619 0.111004 0.601465 0.000118 0.000161
10300.000000 9.470119 6.528893 8.342263 6.730565 0.108703 0.600124 0.000111 0.000151
10400.000000 9.534348 6.586507 8.408565 6.789744 0.106445 0.598611 0.000106 0.000143
10500.000000 9.603479 6.645002 8.478449 6.848995 0.104230 0.597033 0.000101 0.000135
10600.000000 9.673321 6.703150 8.545657 6.908140 0.102062 0.595756 0.000096 0.000127
10700.000000 9.750948 6.761745 8.620882 6.967170 0.099925 0.594430 0.000090 0.000119
10800.000000 9.819466 6.820857 8.691447 7.027314 0.097844 0.593254 0.000088 0.000114
10900.000000 9.885686 6.879869 8.759636 7.086823 0.095807 0.591734 0.000084 0.000107
11000.000000 9.948449 6.938849 8.826387 7.146274 0.093809 0.590587 0.000079 0.000101
11100.000000 10.017093 6.996253 8.895731 7.203386 0.091853 0.589600 0.000076 0.000096
11200.000000 10.079674 7.055199 8.959924 7.262245 0.089945 0.589162 0.000072 0.000090
11300.000000 10.145168 7.113915 9.027866 7.320780 0.088067 0.588002 0.000070 0.000086
11400.000000 10.217138 7.172551 9.096730 7.378984 0.086244 0.587135 0.000067 0.000081
11500.000000 10.293089 7.231425 9.174421 7.437639 0.084447 0.585978 0.000063 0.000077
11600.000000 10.360537 7.289977 9.243829 7.495548 0.082687 0.584684 0.000060 0.000074
11700.000000 10.426802 7.349393 9.311694 7.555041 0.080978 0.583878 0.000058 0.000069
11800.000000 10.498674 7.409185 9.382791 7.615298 0.079307 0.582597 0.000056 0.000067
11900.000000 10.571094 7.468381 9.451970 7.675237 0.077673 0.581497 0.000054 0.000064
12000.000000 10.643942 7.526935 9.523693 7.733991 0.076070 0.579940 0.000052 0.000061
12100.000000 10.708960 7.587004 9.591814 7.794243 0.074496 0.578533 0.000049 0.000058
12200.000000 10.771806 7.646621 9.660966 7.854022 0.072951 0.577201 0.000047 0.000056
12300.000000 10.841913 7.705699 9.733536 7.913780 0.071448 0.576169 0.000045 0.000053
12400.000000 10.922229 7.764264 9.810617 7.972021 0.069973 0.574958 0.000044 0.000051
12500.000000 10.995430 7.824278 9.887363 8.031809 0.068529 0.573682 0.000042 0.000049
12600.000000 11.065371 7.883780 9.954384 8.091268 0.067110 0.572351 0.000040 0.000046
12700.000000 11.129819 7.942531 10.023715 8.150272 0.065727 0.570948 0.000039 0.000045
12800.000000 11.194151 8.000777 10.093163 8.207831 0.064368 0.569969 0.000038 0.000043
12900.000000 11.258389 8.060545 10.165941 8.267584 0.063043 0.569357 0.000037 0.000042
13000.000000 11.320652 8.120767 10.236301 8.327801 0.061741 0.568428 0.000035 0.000040
13100.000000 11.382491 8.182008 10.301847 8.389803 0.060473 0.567475 0.000035 0.000039
13200.000000 11.449039 8.242726 10.373871 8.451324 0.059228 0.566446 0.000033 0.000037
13300.000000 11.515211 8.304582 10.443380 8.512050 0.058015 0.565483 0.000032 0.000036
13400.000000 11.587475 8.365578 10.515133 8.572289 0.056829 0.564384 0.000031 0.000034
13500.000000 11.655574 8.428410 10.581653 8.634510 0.055662 0.563521 0.000030 0.000033
13600.000000 11.724499 8.490949 10.653708 8.695945 0.054521 0.562742 0.000029 0.000032
13700.000000 11.793823 8.552077 10.721503 8.757239 0.053400 0.561677 0.000029 0.000031
13800.000000 11.862765 8.614169 10.792427 8.819161 0.052305 0.560188 0.000028 0.000030
13900.000000 11.921792 8.675803 10.851850 8.880325 0.051234 0.558782 0.000027 0.000029
14000.000000 11.996489 8.738445 10.927871 8.943589 0.050183 0.557561 0.000026 0.000028
14100.000000 12.062619 8.800697 10.994940 9.006480 0.049153 0.555951 0.000025 0.000027
14200.000000 12.127202 8.860704 11.060302 9.066310 0.048137 0.554600 0.000024 0.000027
14300.000000 12.194047 8.920372 11.126153 9.126356 0.047145 0.553149 0.000024 0.000026
14400.000000 12.267092 8.980082 11.198206 9.186626 0.046167 0.551916 0.000023 0.000025
14500.000000 12.333359 9.038447 11.264287 9.246241 0.045211 0.550395 0.000023 0.000024
14600.000000 12.408121 9.098261 11.338566 9.307443 0.044267 0.549025 0.000022 0.000023
14700.000000 12.475296 9.160440 11.403419 9.370683 0.043345 0.547675 0.000021 0.000023
14800.000000 12.540859 9.220647 11.469293 9.430774 0.042445 0.546364 0.000021 0.000022
14900.000000 12.609514 9.281460 11.536755 9.491345 0.041567 0.544927 0.000021 0.000022
15000.000000 12.672143 9.339623 11.596897 9.550254 0.040700 0.544132 0.000020 0.000021
15100.000000 12.736636 9.398217 11.658778 9.609666 0.039853 0.543073 0.000019 0.000021
15200.000000 12.793329 9.458665 11.713912 9.670595 0.039017 0.542018 0.000019 0.000020
15300.000000 12.859181 9.518763 11.776651 9.731303 0.038203 0.541271 0.000018 0.000019
15400.000000 12.915052 9.576310 11.833813 9.790275 0.037402 0.540439 0.000018 0.000019
15500.000000 12.986477 9.634775 11.905540 9.848203 0.036630 0.539603 0.000018 0.000018
15600.000000 13.047437 9.692533 11.964559 9.907184 0.035866 0.539433 0.000017 0.000018
15700.000000 13.113684 9.750296 12.028218 9.966757 0.035124 0.538689 0.000017 0.000017
15800.000000 13.166127 9.807551 12.078769 10.025336 0.034395 0.537643 0.000016 0.000017
15900.000000 13.227395 9.867505 12.142404 10.086862 0.033682 0.536631 0.000016 0.000017
16000.000000 13.278447 9.928045 12.192885 10.147664 0.032981 0.536051 0.000016 0.000016
16100.000000 13.338219 9.987736 12.253412 10.208661 0.032292 0.535445 0.000015 0.000016
16200.000000 13.391128 10.046914 12.301060 10.267469 0.031620 0.534864 0.000015 0.000016
16300.000000 13.451533 10.103879 12.354947 10.324164 0.030963 0.533791 0.000015 0.000016
16400.000000 13.500544 10.162096 12.404842 10.382100 0.030316 0.533271 0.000014 0.000015
16500.000000 13.549179 10.220196 12.458399 10.439274 0.029688 0.532713 0.000014 0.000015
16600.000000 13.599353 10.280427 12.513386 10.498621 0.029073 0.532252 0.000014 0.000014
16700.000000 13.652523 10.339445 12.571945 10.556908 0.028480 0.531886 0.000014 0.000014
16800.000000 13.715075 10.398242 12.639344 10.615598 0.027894 0.531429 0.000013 0.000014
16900.000000 13.757615 10.457281 12.690631 10.674525 0.027320 0.530903 0.000013 0.000014
17000.000000 13.814343 10.515676 12.748522 10.732211 0.026763 0.530433 0.000013 0.000013
17100.000000 13.872030 10.573728 12.816016 10.791290 0.026215 0.529687 0.000012 0.000013
17200.000000 13.923071 10.629182 12.873421 10.847837 0.025679 0.528967 0.000012 0.000012
17300.000000 13.984683 10.687246 12.933898 10.905995 0.025155 0.528037 0.000012 0.000012
17400.000000 14.033382 10.747427 12.987534 10.966995 0.024648 0.527434 0.000012 0.000012
17500.000000 14.068031 10.809422 13.031924 11.028022 0.024151 0.526587 0.000012 0.000012
17600.000000 14.119201 10.870958 13.089255 11.090436 0.023665 0.525847 0.000011 0.000012
17700.000000 14.164898 10.930639 13.148702 11.147603 0.023188 0.525061 0.000011 0.000011
17800.000000 14.217443 10.992280 13.203995 11.208767 0.022721 0.524509 0.000011 0.000011
17900.000000 14.275913 11.048563 13.267142 11.264831 0.022261 0.523904 0.000010 0.000011
18000.000000 14.326636 11.106605 13.322735 11.320813 0.021806 0.523363 0.000010 0.000011
18100.000000 14.382614 11.168065 13.380473 11.382667 0.021365 0.522871 0.000010 0.000010
18200.000000 14.435560 11.227689 13.448416 11.442544 0.020929 0.522056 0.000010 0.000010
18300.000000 14.474366 11.288751 13.500234 11.502345 0.020502 0.521314 0.000010 0.000010
18400.000000 14.521940 11.350071 13.554405 11.564709 0.020077 0.520127 0.000009 0.000010
18500.000000 14.569444 11.404306 13.606306 11.619354 0.019669 0.519005 0.000009 0.000009
18600.000000 14.623714 11.462247 13.668611 11.676616 0.019267 0.518363 0.000009 0.000009
18700.000000 14.679651 11.522449 13.722853 11.734848 0.018874 0.517614 0.000009 0.000009
18800.000000 14.736423 11.580348 13.785036 11.791697 0.018489 0.516742 0.000009 0.000009
18900.000000 14.800716 11.637093 13.851498 11.848454 0.018107 0.516003 0.000009 0.000009
19000.000000 14.883998 11.698382 13.929654 11.908101 0.017738 0.515131 0.000009 0.000009
19100.000000 14.940919 11.758254 13.989247 11.967738 0.017377 0.514086 0.000008 0.000009
19200.000000 14.993152 11.818633 14.044934 12.026185 0.017022 0.513261 0.000008 0.000008
19300.000000 15.040170 11.881714 14.094717 12.086430 0.016674 0.512496 0.000008 0.000008
19400.000000 15.099430 11.939110 14.152662 12.140868 0.016332 0.511522 0.000008 0.000008
19500.000000 15.146148 11.996963 14.212106 12.196734 0.016002 0.511011 0.000008 0.000008
19600.000000 15.200358 12.055683 14.271355 12.252860 0.015678 0.510594 0.000008 0.000008
19700.000000 15.249518 12.112578 14.322960 12.306672 0.015359 0.510534 0.000007 0.000007
19800.000000 15.293754 12.174818 14.365822 12.367457 0.015049 0.510188 0.000007 0.000007
19900.000000 15.357505 12.232997 14.433822 12.422689 0.014747 0.509726 0.000007 0.000007
20000.000000 15.399280 12.292695 14.489243 12.478702 0.014447 0.509636 0.000007 0.000007
20100.000000 15.441661 12.351284 14.540242 12.533474 0.014153 0.509457 0.000007 0.000007
20200.000000 15.472713 12.410134 14.581382 12.587477 0.013860 0.508907 0.000007 0.000007
20300.000000 15.534484 12.469447 14.645398 12.641827 0.013578 0.508790 0.000007 0.000007
20400.000000 15.582212 12.528433 14.699940 12.697011 0.013302 0.508628 0.000006 0.000006
20500.000000 15.640291 12.590979 14.766525 12.755149 0.013035 0.508769 0.000006 0.000006
20600.000000 15.691858 12.656646 14.824979 12.815393 0.012773 0.509023 0.000006 0.000006
20700.000000 15.765301 12.713995 14.906245 12.868157 0.012514 0.508796 0.000006 0.000006
20800.000000 15.832157 12.779919 14.970825 12.927486 0.012263 0.508237 0.000006 0.000006
20900.000000 15.879596 12.848151 15.027929 12.992435 0.012017 0.508023 0.000006 0.000006
21000.000000 15.927648 12.910458 15.083645 13.049661 0.011775 0.507707 0.000006 0.000006
21100.000000 16.002217 12.973965 15.160962 13.111877 0.011538 0.507494 0.000005 0.000005
21200.000000 16.054563 13.041781 15.213549 13.175411 0.011307 0.507981 0.000005 0.000005
21300.000000 16.111252 13.108622 15.275459 13.238322 0.011081 0.508199 0.000005 0.000005
21400.000000 16.156137 13.176704 15.327450 13.302143 0.010859 0.507807 0.000005 0.000005
21500.000000 16.215695 13.250312 15.404242 13.371305 0.010640 0.507900 0.000005 0.000005
21600.000000 16.253736 13.320791 15.448183 13.438525 0.010424 0.507740 0.000005 0.000005
21700.000000 16.309487 13.391457 15.516759 13.507990 0.010216 0.507666 0.000005 0.000005
21800.000000 16.372929 13.463671 15.573439 13.582172 0.010014 0.507052 0.000005 0.000005
21900.000000 16.422773 13.533783 15.634195 13.651305 0.009815 0.506879 0.000005 0.000005
22000.000000 16.470132 13.603717 15.691005 13.721309 0.009622 0.506626 0.000004 0.000004
22100.000000 16.519031 13.674406 15.736104 13.792939 0.009430 0.506298 0.000004 0.000004
22200.000000 16.569243 13.734754 15.780792 13.855753 0.009239 0.505826 0.000004 0.000004
22300.000000 16.649189 13.792417 15.856469 13.914085 0.009055 0.505485 0.000004 0.000004
22400.000000 16.693466 13.851833 15.909346 13.974352 0.008874 0.504630 0.000004 0.000004
22500.000000 16.742460 13.904793 15.953531 14.026760 0.008697 0.504439 0.000004 0.000004
22600.000000 16.775769 13.965189 15.994000 14.086434 0.008523 0.504554 0.000004 0.000004
22700.000000 16.835386 14.014973 16.056330 14.135279 0.008356 0.504210 0.000004 0.000004
22800.000000 16.902228 14.062333 16.122147 14.183216 0.008190 0.503983 0.000004 0.000004
22900.000000 16.945799 14.113005 16.160539 14.231791 0.008027 0.503650 0.000004 0.000004
23000.000000 17.007230 14.180086 16.224758 14.296591 0.007867 0.503696 0.000004 0.000004
23100.000000 17.057761 14.244160 16.278662 14.356836 0.007708 0.503033 0.000004 0.000004
23200.000000 17.114113 14.305637 16.337115 14.420275 0.007554 0.502152 0.000004 0.000003
23300.000000 17.165817 14.360669 16.398126 14.477025 0.007404 0.501097 0.000003 0.000003
23400.000000 17.198573 14.417236 16.429386 14.535859 0.007260 0.499605 0.000003 0.000003
23500.000000 17.235489 14.466764 16.473366 14.586000 0.007113 0.498625 0.000003 0.000003
23600.000000 17.298794 14.518861 16.541079 14.637145 0.006971 0.497825 0.000003 0.000003
23700.000000 17.368784 14.571928 16.619392 14.689218 0.006832 0.496808 0.000003 0.000003
23800.000000 17.420033 14.628604 16.689971 14.747091 0.006696 0.495689 0.000003 0.000003
23900.000000 17.461268 14.689936 16.746994 14.806791 0.006564 0.495058 0.000003 0.000003
24000.000000 17.509556 14.750460 16.809247 14.867221 0.006432 0.493956 0.000003 0.000003
24100.000000 17.558178 14.806716 16.858269 14.919445 0.006302 0.492888 0.000003 0.000003
24200.000000 17.609006 14.852333 16.923278 14.965298 0.006174 0.491526 0.000003 0.000003
24300.000000 17.650046 14.907104 16.975696 15.017878 0.006051 0.490485 0.000003 0.000003
24400.000000 17.648730 14.958240 16.993199 15.065714 0.005932 0.489095 0.000003 0.000003
24500.000000 17.675041 15.008381 17.045951 15.116797 0.005811 0.488084 0.000003 0.000003
24600.000000 17.705905 15.054207 17.088396 15.159612 0.005694 0.487523 0.000003 0.000003
24700.000000 17.706703 15.106440 17.126905 15.212916 0.005582 0.487275 0.000003 0.000003
24800.000000 17.697458 15.145856 17.143295 15.251465 0.005472 0.486804 0.000002 0.000002
24900.000000 17.691611 15.184874 17.170009 15.290895 0.005363 0.486493 0.000002 0.000002
25000.000000 17.717716 15.226972 17.206425 15.332301 0.005258 0.486153 0.000002 0.000002
25100.000000 17.712483 15.269297 17.222871 15.375583 0.005155 0.485648 0.000002 0.000002
25200.000000 17.746188 15.325251 17.275539 15.434774 0.005052 0.485075 0.000002 0.000002
25300.000000 17.777370 15.372457 17.325605 15.486678 0.004952 0.484373 0.000002 0.000002
25400.000000 17.787010 15.428092 17.361673 15.542001 0.004857 0.484305 0.000002 0.000002
25500.000000 17.811433 15.481874 17.410218 15.597610 0.004760 0.483848 0.000002 0.000002
25600.000000 17.798919 15.524524 17.423445 15.639638 0.004667 0.483688 0.000002 0.000002
25700.000000 17.819372 15.554751 17.461614 15.670302 0.004576 0.483157 0.000002 0.000002
25800.000000 17.861132 15.587973 17.519321 15.704962 0.004486 0.482811 0.000002 0.000002
25900.000000 17.875046 15.643824 17.547664 15.762954 0.004398 0.482485 0.000002 0.000002
26000.000000 17.898748 15.688797 17.564974 15.811562 0.004312 0.481686 0.000002 0.000002
26100.000000 17.956795 15.731054 17.627205 15.854213 0.004227 0.481194 0.000002 0.000002
26200.000000 17.929064 15.783787 17.610756 15.907729 0.004142 0.481070 0.000002 0.000002
26300.000000 17.958266 15.835119 17.647771 15.961980 0.004064 0.480758 0.000002 0.000002
26400.000000 17.993343 15.894703 17.681113 16.027136 0.003985 0.480365 0.000002 0.000002
26500.000000 18.006880 15.942292 17.706784 16.072314 0.003906 0.480071 0.000002 0.000002
26600.000000 18.007443 15.999201 17.720291 16.132438 0.003830 0.480025 0.000002 0.000002
26700.000000 18.014549 16.057432 17.745549 16.193552 0.003755 0.480109 0.000002 0.000002
26800.000000 18.001260 16.122122 17.739445 16.265934 0.003681 0.480279 0.000002 0.000002
26900.000000 18.038599 16.190070 17.788375 16.334587 0.003609 0.480213 0.000002 0.000002
27000.000000 18.083930 16.239620 17.843985 16.386418 0.003539 0.479765 0.000002 0.000002
27100.000000 18.079432 16.300015 17.858192 16.451199 0.003471 0.479149 0.000002 0.000002
27200.000000 18.098115 16.337852 17.890998 16.488287 0.003403 0.478408 0.000002 0.000002
27300.000000 18.097453 16.386997 17.898204 16.534500 0.003339 0.477984 0.000001 0.000001
27400.000000 18.098752 16.447320 17.911319 16.597562 0.003274 0.477570 0.000001 0.000001
27500.000000 18.091154 16.506647 17.919760 16.659090 0.003211 0.476492 0.000001 0.000001
27600.000000 18.069233 16.582410 17.901309 16.739141 0.003148 0.475575 0.000001 0.000001
27700.000000 18.070917 16.645543 17.906466 16.805007 0.003088 0.474919 0.000001 0.000001
27800.000000 18.063051 16.706069 17.916710 16.867435 0.003029 0.474475 0.000001 0.000001
27900.000000 18.030623 16.763800 17.892722 16.923771 0.002971 0.474075 0.000001 0.000001
28000.000000 18.028573 16.825583 17.871941 16.990678 0.002916 0.473042 0.000001 0.000001
28100.000000 18.030400 16.890122 17.864202 17.057064 0.002863 0.472142 0.000001 0.000001
28200.000000 18.030887 16.960194 17.858898 17.124568 0.002810 0.471370 0.000001 0.000001
28300.000000 18.022454 17.024365 17.847960 17.193518 0.002756 0.470219 0.000001 0.000001
28400.000000 18.038906 17.079949 17.861904 17.246762 0.002705 0.469265 0.000001 0.000001
28500.000000 18.047134 17.146329 17.863083 17.315489 0.002654 0.468275 0.000001 0.000001
28600.000000 18.050729 17.201455 17.855700 17.367521 0.002605 0.467626 0.000001 0.000001
28700.000000 18.056276 17.264060 17.860054 17.422144 0.002557 0.466754 0.000001 0.000001
28800.000000 18.085101 17.315840 17.876657 17.467595 0.002512 0.465971 0.000001 0.000001
28900.000000 18.128894 17.381040 17.898685 17.528724 0.002465 0.465082 0.000001 0.000001
29000.000000 18.147547 17.452581 17.933495 17.595099 0.002422 0.464432 0.000001 0.000001
29100.000000 18.205548 17.510246 18.001500 17.650099 0.002380 0.463653 0.000001 0.000001
29200.000000 18.222859 17.564939 18.016620 17.699638 0.002338 0.462852 0.000001 0.000001
29300.000000 18.261250 17.623215 18.064563 17.755015 0.002296 0.461996 0.000001 0.000001
29400.000000 18.307260 17.678373 18.090800 17.804695 0.002253 0.461326 0.000001 0.000001
29500.000000 18.332906 17.742352 18.118180 17.868002 0.002212 0.460450 0.000001 0.000001
29600.000000 18.384718 17.815090 18.139249 17.943034 0.002172 0.459743 0.000001 0.000001
29700.000000 18.389802 17.882577 18.141687 18.011489 0.002132 0.459053 0.000001 0.000001
29800.000000 18.456215 17.950374 18.189935 18.082890 0.002093 0.459033 0.000001 0.000001
29900.000000 18.443460 18.010888 18.178288 18.135500 0.002055 0.458718 0.000001 0.000001
30000.000000 18.457633 18.080153 18.204490 18.199288 0.002018 0.458180 0.000001 0.000001
30100.000000 18.504620 18.139757 18.255708 18.254940 0.001982 0.458009 0.000001 0.000001
30200.000000 18.489971 18.211214 18.224879 18.322503 0.001945 0.457706 0.000001 0.000001
30300.000000 18.541868 18.268155 18.257883 18.380882 0.001910 0.457151 0.000001 0.000001
30400.000000 18.607524 18.320934 18.269187 18.436835 0.001875 0.456465 0.000001 0.000001
30500.000000 18.598252 18.362849 18.291286 18.479379 0.001841 0.456245 0.000001 0.000001
30600.000000 18.573556 18.411974 18.257692 18.522379 0.001808 0.455597 0.000001 0.000001
30700.000000 18.589370 18.453725 18.302252 18.557106 0.001773 0.454907 0.000001 0.000001
30800.000000 18.627711 18.493624 18.364283 18.601848 0.001740 0.454125 0.000001 0.000001
30900.000000 18.655364 18.534377 18.366358 18.645094 0.001707 0.453283 0.000001 0.000001
31000.000000 18.643140 18.584727 18.395634 18.697921 0.001674 0.452639 0.000001 0.000001
31100.000000 18.689142 18.669682 18.454956 18.779954 0.001643 0.451909 0.000001 0.000001
31200.000000 18.723337 18.718214 18.499338 18.833233 0.001612 0.451265 0.000001 0.000001
31300.000000 18.798427 18.776221 18.565103 18.896116 0.001582 0.450611 0.000001 0.000001
31400.000000 18.838394 18.822252 18.588594 18.949801 0.001551 0.450154 0.000001 0.000001
31500.000000 18.887303 18.875512 18.662586 19.010066 0.001521 0.449784 0.000001 0.000001
31600.000000 18.936560 18.896376 18.718247 19.028686 0.001492 0.449054 0.000001 0.000001
31700.000000 19.006746 18.903752 18.766961 19.030055 0.001462 0.448192 0.000001 0.000001
31800.000000 19.008872 18.932848 18.765167 19.051116 0.001433 0.447176 0.000001 0.000001
31900.000000 19.093207 18.943882 18.871504 19.062579 0.001406 0.445927 0.000001 0.000001
32000.000000 19.153046 18.953548 18.931574 19.073087 0.001379 0.444812 0.000001 0.000001
32100.000000 19.246011 18.948198 19.012813 19.072734 0.001353 0.443712 0.000001 0.000001
32200.000000 19.266708 18.982698 19.035368 19.115020 0.001328 0.442704 0.000001 0.000001
32300.000000 19.375618 19.035870 19.131562 19.167103 0.001303 0.441936 0.000001 0.000001
32400.000000 19.410109 19.080429 19.162426 19.205036 0.001278 0.441282 0.000001 0.000001
32500.000000 19.469550 19.124825 19.220682 19.243782 0.001254 0.440850 0.000001 0.000001
32600.000000 19.522580 19.164237 19.247924 19.271546 0.001230 0.439948 0.000001 0.000001
32700.000000 19.619649 19.203020 19.354463 19.299868 0.001207 0.438945 0.000001 0.000001
32800.000000 19.692218 19.264499 19.444955 19.353519 0.001184 0.438236 0.000001 0.000001
32900.000000 19.771611 19.303667 19.519254 19.381133 0.001161 0.437665 0.000001 0.000001
33000.000000 19.814882 19.344320 19.546020 19.411676 0.001137 0.437683 0.000001 0.000001
33100.000000 19.926536 19.386653 19.670286 19.451119 0.001116 0.436902 0.000000 0.000000
33200.000000 19.944563 19.406460 19.703137 19.465800 0.001095 0.436138 0.000000 0.000000
33300.000000 19.994197 19.428437 19.761330 19.480003 0.001075 0.435162 0.000000 0.000000
33400.000000 20.116780 19.427367 19.837159 19.477391 0.001054 0.434053 0.000000 0.000000
33500.000000 20.137539 19.436458 19.853278 19.481347 0.001035 0.433077 0.000000 0.000000
33600.000000 20.121941 19.441798 19.864633 19.477059 0.001015 0.432376 0.000000 0.000000
33700.000000 20.228303 19.445279 19.971157 19.470882 0.000995 0.431138 0.000000 0.000000
33800.000000 20.219708 19.454976 19.949952 19.473098 0.000977 0.429895 0.000000 0.000000
33900.000000 20.324734 19.454479 20.059099 19.471043 0.000958 0.428642 0.000000 0.000000
34000.000000 20.400186 19.466930 20.123330 19.474849 0.000940 0.427340 0.000000 0.000000
34100.000000 20.509737 19.497006 20.198597 19.496149 0.000922 0.425735 0.000000 0.000000
34200.000000 20.570507 19.504848 20.273583 19.492265 0.000905 0.424261 0.000000 0.000000
34300.000000 20.661037 19.522369 20.382432 19.497254 0.000887 0.422924 0.000000 0.000000
34400.000000 20.701888 19.550611 20.447123 19.523426 0.000870 0.421650 0.000000 0.000000
34500.000000 20.832654 19.576027 20.567592 19.545804 0.000854 0.420290 0.000000 0.000000
34600.000000 20.842059 19.605038 20.593869 19.573170 0.000837 0.418661 0.000000 0.000000
34700.000000 20.925423 19.658766 20.703741 19.624397 0.000821 0.417216 0.000000 0.000000
34800.000000 20.974883 19.687373 20.741663 19.644308 0.000805 0.416041 0.000000 0.000000
34900.000000 21.106564 19.698583 20.870047 19.652963 0.000790 0.414594 0.000000 0.000000
35000.000000 21.167225 19.738734 20.965589 19.684336 0.000776 0.413389 0.000000 0.000000
35100.000000 21.296893 19.754613 21.114341 19.696369 0.000761 0.412381 0.000000 0.000000
35200.000000 21.353197 19.793202 21.232397 19.722659 0.000746 0.411192 0.000000 0.000000
35300.000000 21.434774 19.857394 21.321520 19.779586 0.000732 0.409977 0.000000 0.000000
35400.000000 21.553121 19.934289 21.430274 19.842751 0.000718 0.409093 0.000000 0.000000
35500.000000 21.665867 19.969424 21.538765 19.872174 0.000705 0.408021 0.000000 0.000000
35600.000000 21.746541 20.050052 21.621960 19.942885 0.000692 0.407202 0.000000 0.000000
35700.000000 21.821642 20.121781 21.734209 20.007144 0.000678 0.406099 0.000000 0.000000
35800.000000 22.027975 20.178691 21.937067 20.058584 0.000665 0.404998 0.000000 0.000000
35900.000000 22.124141 20.269474 22.031711 20.138838 0.000652 0.403413 0.000000 0.000000
36000.000000 22.195047 20.327117 22.077303 20.183141 0.000639 0.402674 0.000000 0.000000
36100.000000 22.303500 20.404200 22.191730 20.248801 0.000627 0.401800 0.000000 0.000000
36200.000000 22.377772 20.502069 22.282937 20.326760 0.000615 0.400720 0.000000 0.000000
36300.000000 22.418532 20.604474 22.345433 20.404308 0.000603 0.399603 0.000000 0.000000
36400.000000 22.486548 20.741983 22.388601 20.528968 0.000592 0.398461 0.000000 0.000000
36500.000000 22.649334 20.860411 22.565629 20.645074 0.000581 0.397412 0.000000 0.000000
36600.000000 22.758465 20.995438 22.686323 20.770352 0.000569 0.396677 0.000000 0.000000
36700.000000 22.898472 21.146920 22.844121 20.917878 0.000558 0.395517 0.000000 0.000000
36800.000000 23.086196 21.288974 23.017397 21.052348 0.000547 0.394339 0.000000 0.000000
36900.000000 23.307116 21.403681 23.242901 21.170394 0.000537 0.393382 0.000000 0.000000
37000.000000 23.430034 21.523454 23.342255 21.275513 0.000526 0.392493 0.000000 0.000000
37100.000000 23.597308 21.643458 23.561694 21.396848 0.000515 0.391719 0.000000 0.000000
37200.000000 23.794281 21.753322 23.725138 21.501084 0.000504 0.390674 0.000000 0.000000
37300.000000 23.938469 21.890121 23.808836 21.627157 0.000494 0.390167 0.000000 0.000000
37400.000000 24.075320 21.977643 23.920514 21.707624 0.000484 0.389260 0.000000 0.000000
37500.000000 24.269360 22.102799 24.157720 21.833405 0.000475 0.388851 0.000000 0.000000
37600.000000 24.424688 22.260323 24.345394 21.980753 0.000466 0.388055 0.000000 0.000000
37700.000000 24.560331 22.415571 24.453057 22.129061 0.000458 0.387506 0.000000 0.000000
37800.000000 24.788227 22.625858 24.642034 22.336824 0.000450 0.387010 0.000000 0.000000
37900.000000 24.938344 22.801562 24.820011 22.503262 0.000441 0.386371 0.000000 0.000000
38000.000000 25.066730 22.945217 24.982868 22.641091 0.000433 0.385878 0.000000 0.000000
38100.000000 25.214109 23.139487 25.143520 22.823410 0.000425 0.385130 0.000000 0.000000
38200.000000 25.361958 23.317774 25.316423 22.991942 0.000417 0.384544 0.000000 0.000000
38300.000000 25.632268 23.456805 25.574873 23.101037 0.000410 0.383749 0.000000 0.000000
38400.000000 25.906236 23.623108 25.823514 23.250782 0.000402 0.382963 0.000000 0.000000
38500.000000 26.167624 23.794068 26.147788 23.389055 0.000394 0.382395 0.000000 0.000000
38600.000000 26.303606 23.935486 26.282421 23.506286 0.000387 0.381575 0.000000 0.000000
38700.000000 26.510527 24.115159 26.440941 23.675023 0.000380 0.380781 0.000000 0.000000
38800.000000 26.573848 24.284815 26.501273 23.831011 0.000373 0.380130 0.000000 0.000000
38900.000000 26.792534 24.448665 26.772564 23.973116 0.000366 0.379401 0.000000 0.000000
39000.000000 27.073821 24.646082 27.059188 24.146077 0.000359 0.378778 0.000000 0.000000
39100.000000 27.275354 24.900717 27.261249 24.389364 0.000353 0.377612 0.000000 0.000000
39200.000000 27.357475 25.111132 27.356168 24.592879 0.000346 0.377447 0.000000 0.000000
39300.000000 27.543838 25.318852 27.570350 24.779786 0.000339 0.376862 0.000000 0.000000
39400.000000 27.651336 25.507386 27.675665 24.956260 0.000333 0.376411 0.000000 0.000000
39500.000000 27.781714 25.775274 27.861514 25.176557 0.000327 0.375854 0.000000 0.000000
39600.000000 27.950212 25.944834 28.021966 25.318375 0.000321 0.375296 0.000000 0.000000
39700.000000 28.074964 26.105198 28.171840 25.470476 0.000315 0.374586 0.000000 0.000000
39800.000000 28.153373 26.246425 28.221962 25.600672 0.000309 0.373848 0.000000 0.000000
39900.000000 28.281415 26.443785 28.375375 25.779619 0.000303 0.373408 0.000000 0.000000
40000.000000 28.416876 26.624849 28.491312 25.960926 0.000298 0.372577 0.000000 0.000000
40100.000000 28.742915 26.801925 28.802600 26.133918 0.000292 0.371937 0.000000 0.000000
40200.000000 29.006391 26.947269 29.010324 26.291909 0.000288 0.371564 0.000000 0.000000
40300.000000 29.150068 27.076041 29.079258 26.410598 0.000283 0.371266 0.000000 0.000000
40400.000000 29.226018 27.260436 29.084009 26.594127 0.000278 0.370465 0.000000 0.000000
40500.000000 29.303019 27.434890 29.123906 26.754833 0.000273 0.369591 0.000000 0.000000
40600.000000 29.641535 27.613307 29.353911 26.906696 0.000268 0.368885 0.000000 0.000000
40700.000000 29.871857 27.833843 29.573512 27.099817 0.000262 0.368246 0.000000 0.000000
40800.000000 30.065855 28.059887 29.669688 27.320141 0.000259 0.367673 0.000000 0.000000
40900.000000 30.096418 28.330870 29.749599 27.564113 0.000254 0.367213 0.000000 0.000000
41000.000000 30.437061 28.587442 30.045767 27.800906 0.000250 0.366779 0.000000 0.000000
41100.000000 30.718329 28.878384 30.279086 28.071887 0.000245 0.366105 0.000000 0.000000
41200.000000 30.944151 29.178632 30.495878 28.358921 0.000240 0.365744 0.000000 0.000000
41300.000000 31.136154 29.427127 30.678677 28.596010 0.000236 0.365387 0.000000 0.000000
41400.000000 31.257495 29.758331 30.743127 28.900934 0.000231 0.365096 0.000000 0.000000
41500.000000 31.547470 30.084962 31.056051 29.191773 0.000227 0.364453 0.000000 0.000000
41600.000000 31.592972 30.376694 31.096491 29.463230 0.000223 0.363695 0.000000 0.000000
41700.000000 31.606303 30.713720 31.095078 29.779317 0.000219 0.363027 0.000000 0.000000
41800.000000 31.824343 31.056753 31.285348 30.098541 0.000215 0.362317 0.000000 0.000000
41900.000000 32.110990 31.427048 31.489115 30.450851 0.000210 0.361846 0.000000 0.000000
42000.000000 32.303568 31.771621 31.634988 30.796588 0.000206 0.360881 0.000000 0.000000
42100.000000 32.722411 32.175665 32.060048 31.201115 0.000202 0.360214 0.000000 0.000000
42200.000000 32.888428 32.546594 32.136632 31.583602 0.000198 0.359845 0.000000 0.000000
42300.000000 33.081108 32.902233 32.375979 31.939359 0.000195 0.359404 0.000000 0.000000
42400.000000 33.381268 33.263600 32.693746 32.322716 0.000192 0.359089 0.000000 0.000000
42500.000000 33.711862 33.527774 32.995317 32.628563 0.000189 0.358900 0.000000 0.000000
42600.000000 33.974196 34.040370 33.240225 33.152724 0.000186 0.358858 0.000000 0.000000
42700.000000 34.017474 34.430662 33.287813 33.556487 0.000182 0.358555 0.000000 0.000000
42800.000000 34.238112 34.825905 33.506559 33.967647 0.000179 0.358298 0.000000 0.000000
42900.000000 34.638725 35.263519 33.929686 34.407814 0.000176 0.358034 0.000000 0.000000
43000.000000 34.577117 35.629029 33.889065 34.768721 0.000173 0.357450 0.000000 0.000000
43100.000000 35.063029 36.114516 34.282705 35.256325 0.000169 0.356384 0.000000 0.000000
43200.000000 35.206545 36.529369 34.422000 35.667216 0.000167 0.355560 0.000000 0.000000
43300.000000 35.435496 36.988523 34.737563 36.134888 0.000164 0.355121 0.000000 0.000000
43400.000000 35.566144 37.508631 34.888289 36.653465 0.000161 0.354742 0.000000 0.000000
43500.000000 35.836704 38.036120 35.274228 37.200350 0.000158 0.354656 0.000000 0.000000
43600.000000 36.082014 38.603430 35.535015 37.785732 0.000155 0.354424 0.000000 0.000000
43700.000000 36.202323 39.199668 35.766950 38.399900 0.000152 0.354189 0.000000 0.000000
43800.000000 36.386750 39.835161 35.949380 39.018302 0.000149 0.354025 0.000000 0.000000
43900.000000 36.612182 40.244577 36.115093 39.423153 0.000147 0.353772 0.000000 0.000000
44000.000000 36.756964 40.807010 36.275319 39.986838 0.000145 0.353504 0.000000 0.000000
44100.000000 37.034007 41.605187 36.451339 40.782760 0.000142 0.353179 0.000000 0.000000
44200.000000 37.288937 42.103296 36.663693 41.264077 0.000139 0.352742 0.000000 0.000000
44300.000000 37.437837 42.655185 36.697463 41.829025 0.000137 0.352100 0.000000 0.000000
44400.000000 37.748657 43.226828 36.900311 42.388208 0.000135 0.352001 0.000000 0.000000
44500.000000 37.713527 43.835175 36.811699 43.009565 0.000132 0.351994 0.000000 0.000000
44600.000000 37.866723 44.466105 36.845593 43.637437 0.000130 0.352024 0.000000 0.000000
44700.000000 37.901992 45.113257 36.887558 44.284476 0.000127 0.352149 0.000000 0.000000
44800.000000 38.094494 45.795601 37.005741 44.974916 0.000125 0.352107 0.000000 0.000000
44900.000000 38.067426 46.504771 37.053113 45.681563 0.000123 0.351958 0.000000 0.000000
45000.000000 38.185659 47.191292 37.202556 46.373812 0.000120 0.351484 0.000000 0.000000
45100.000000 37.977022 47.685122 36.981940 46.894873 0.000118 0.350943 0.000000 0.000000
45200.000000 37.823690 48.274730 36.768130 47.524400 0.000116 0.350463 0.000000 0.000000
45300.000000 37.803756 48.766423 36.764998 48.025184 0.000114 0.349739 0.000000 0.000000
45400.000000 37.670515 49.350591 36.601288 48.617522 0.000112 0.349323 0.000000 0.000000
45500.000000 37.707306 49.965214 36.671392 49.230746 0.000110 0.348940 0.000000 0.000000
45600.000000 37.770581 50.603873 36.713837 49.876230 0.000108 0.348702 0.000000 0.000000
45700.000000 37.788457 51.221354 36.711506 50.497556 0.000106 0.348457 0.000000 0.000000
45800.000000 37.687745 51.691394 36.637673 50.973488 0.000104 0.347954 0.000000 0.000000
45900.000000 37.489284 52.353013 36.440927 51.619531 0.000102 0.347436 0.000000 0.000000
46000.000000 37.483164 52.890534 36.394332 52.132026 0.000100 0.346624 0.000000 0.000000
46100.000000 37.366268 53.345407 36.322182 52.572351 0.000098 0.345887 0.000000 0.000000
46200.000000 36.906090 53.897727 35.966263 53.137752 0.000096 0.344905 0.000000 0.000000
46300.000000 36.567287 54.298585 35.598232 53.590879 0.000095 0.344337 0.000000 0.000000
46400.000000 36.448031 54.875675 35.465007 54.157504 0.000093 0.343607 0.000000 0.000000
46500.000000 36.420836 55.277016 35.379912 54.595842 0.000091 0.342645 0.000000 0.000000
46600.000000 36.226658 55.774409 35.127714 55.104384 0.000089 0.341950 0.000000 0.000000
46700.000000 35.757669 56.292314 34.746092 55.606935 0.000088 0.341641 0.000000 0.000000
46800.000000 35.856720 56.677108 34.814199 56.015919 0.000086 0.341287 0.000000 0.000000
46900.000000 35.514229 57.269209 34.618199 56.624631 0.000084 0.340814 0.000000 0.000000
47000.000000 34.982386 57.887242 34.152681 57.255024 0.000082 0.340017 0.000000 0.000000
47100.000000 34.624949 58.544461 33.827699 57.917602 0.000081 0.339449 0.000000 0.000000
47200.000000 34.354156 59.637980 33.618846 58.951549 0.000079 0.339059 0.000000 0.000000
47300.000000 34.125342 60.254874 33.477258 59.614008 0.000077 0.338445 0.000000 0.000000
47400.000000 33.794090 60.676465 33.157510 60.040343 0.000076 0.338070 0.000000 0.000000
47500.000000 33.624336 61.337620 33.081421 60.737719 0.000074 0.337804 0.000000 0.000000
47600.000000 33.237696 61.833346 32.793558 61.242795 0.000073 0.336894 0.000000 0.000000
47700.000000 32.841456 62.584730 32.281285 61.997816 0.000071 0.335972 0.000000 0.000000
47800.000000 32.625395 63.375487 32.142974 62.749716 0.000069 0.335175 0.000000 0.000000
47900.000000 32.707589 63.934935 32.144633 63.221498 0.000067 0.334631 0.000000 0.000000
48000.000000 32.680060 64.259413 32.129295 63.493743 0.000066 0.333835 0.000000 0.000000
48100.000000 32.445183 64.595909 31.828500 63.802033 0.000065 0.332825 0.000000 0.000000
48200.000000 32.624521 64.814998 31.938878 63.979699 0.000064 0.331751 0.000000 0.000000
48300.000000 32.740071 65.042513 32.132500 64.199949 0.000063 0.330724 0.000000 0.000000
48400.000000 32.413443 65.322286 31.724858 64.416355 0.000061 0.329710 0.000000 0.000000
48500.000000 32.444137 65.558010 31.720585 64.601099 0.000060 0.328647 0.000000 0.000000
48600.000000 32.672874 65.803355 31.747681 64.790748 0.000059 0.327667 0.000000 0.000000
48700.000000 32.814668 66.058924 31.928771 65.009703 0.000058 0.326400 0.000000 0.000000
48800.000000 32.793877 66.325367 31.887393 65.240921 0.000057 0.325102 0.000000 0.000000
48900.000000 32.765034 66.603395 31.880585 65.460480 0.000055 0.324045 0.000000 0.000000
49000.000000 32.642535 66.893780 31.728930 65.758937 0.000054 0.323288 0.000000 0.000000
49100.000000 32.594611 67.197364 31.565036 66.049332 0.000053 0.322546 0.000000 0.000000
49200.000000 32.693627 67.515068 31.546240 66.316151 0.000052 0.322036 0.000000 0.000000
49300.000000 32.910098 67.847901 31.709269 66.556186 0.000051 0.321553 0.000000 0.000000
49400.000000 33.008677 68.196970 31.646102 66.824236 0.000049 0.321082 0.000000 0.000000
49500.000000 33.243113 68.563492 31.880887 67.124003 0.000048 0.320806 0.000000 0.000000
49600.000000 33.413154 68.948810 31.900140 67.470302 0.000047 0.319831 0.000000 0.000000
49700.000000 33.230480 69.354408 31.634332 67.835845 0.000046 0.319165 0.000000 0.000000
49800.000000 33.217048 69.781930 31.573761 68.257084 0.000045 0.318324 0.000000 0.000000
49900.000000 33.177865 70.233204 31.451328 68.665544 0.000043 0.317304 0.000000 0.000000
50000.000000 33.156910 70.679901 31.434153 69.067890 0.000042 0.316157 0.000000 0.000000
