#-t-MSD-MSDCR-survive-Fkv-Fkvv-FkvvCR
10.000000 0.478272 0.435703 0.994993 0.982252 0.722358 0.739571
20.000000 0.683372 0.579830 0.991699 0.973242 0.628953 0.670901
30.000000 0.825727 0.653235 0.988692 0.966654 0.571312 0.638424
40.000000 0.933227 0.699459 0.985817 0.961829 0.531453 0.618890
50.000000 1.018604 0.730953 0.983026 0.957784 0.501810 0.605825
60.000000 1.095573 0.754156 0.980295 0.953256 0.476631 0.596427
70.000000 1.161125 0.771782 0.977609 0.949165 0.456314 0.589355
80.000000 1.219706 0.786134 0.974962 0.945292 0.438944 0.583645
90.000000 1.272818 0.798694 0.972338 0.941754 0.423754 0.578718
100.000000 1.319245 0.809507 0.969743 0.938860 0.410937 0.574468
110.000000 1.358760 0.818440 0.967167 0.936732 0.400389 0.570940
120.000000 1.397274 0.826501 0.964613 0.934160 0.390435 0.567839
130.000000 1.436380 0.833350 0.962078 0.930905 0.380587 0.565122
140.000000 1.472274 0.840278 0.959560 0.927977 0.371736 0.562443
150.000000 1.503100 0.846382 0.957055 0.925772 0.364294 0.560024
160.000000 1.530311 0.851766 0.954565 0.924058 0.357938 0.557915
170.000000 1.558701 0.857183 0.952089 0.922035 0.351297 0.555743
180.000000 1.586638 0.862020 0.949625 0.919750 0.344988 0.553779
190.000000 1.613419 0.866857 0.947171 0.917483 0.339074 0.551896
200.000000 1.637844 0.871702 0.944730 0.915502 0.333705 0.549911
210.000000 1.661224 0.875999 0.942298 0.913690 0.328712 0.548232
220.000000 1.681899 0.880096 0.939877 0.912180 0.324363 0.546588
230.000000 1.702683 0.884321 0.937468 0.910594 0.320054 0.544870
240.000000 1.723596 0.888000 0.935068 0.908685 0.315715 0.543320
250.000000 1.745481 0.892427 0.932678 0.906640 0.311349 0.541589
260.000000 1.764741 0.895527 0.930300 0.904890 0.307550 0.540323
270.000000 1.781722 0.899482 0.927935 0.903517 0.304177 0.538728
280.000000 1.798780 0.903390 0.925582 0.902059 0.300775 0.537189
290.000000 1.815967 0.906982 0.923240 0.900399 0.297397 0.535705
300.000000 1.833746 0.910316 0.920907 0.898583 0.294098 0.534360
310.000000 1.850004 0.913758 0.918585 0.897042 0.291123 0.533049
320.000000 1.865175 0.916642 0.916273 0.895610 0.288239 0.531882
330.000000 1.879778 0.919453 0.913970 0.894293 0.285570 0.530738
340.000000 1.894539 0.922657 0.911677 0.892894 0.282904 0.529427
350.000000 1.910153 0.925505 0.909390 0.891266 0.280138 0.528275
360.000000 1.924589 0.928109 0.907111 0.889686 0.277589 0.527171
370.000000 1.938932 0.931326 0.904842 0.888213 0.275088 0.525929
380.000000 1.951765 0.934139 0.902580 0.887005 0.272918 0.524786
390.000000 1.964138 0.936997 0.900330 0.885876 0.270756 0.523667
400.000000 1.976859 0.940025 0.898088 0.884665 0.268670 0.522475
410.000000 1.990225 0.943184 0.895855 0.883347 0.266452 0.521253
420.000000 2.002984 0.946415 0.893633 0.882046 0.264274 0.520006
430.000000 2.014934 0.949183 0.891418 0.880842 0.262281 0.518879
440.000000 2.026911 0.952103 0.889210 0.879751 0.260296 0.517734
450.000000 2.038534 0.954953 0.887010 0.878701 0.258407 0.516568
460.000000 2.050497 0.957300 0.884818 0.877493 0.256480 0.515593
470.000000 2.062783 0.959830 0.882636 0.876254 0.254536 0.514508
480.000000 2.074653 0.962770 0.880458 0.875044 0.252653 0.513326
490.000000 2.085611 0.965345 0.878285 0.873889 0.251018 0.512361
500.000000 2.095607 0.967762 0.876121 0.872931 0.249472 0.511354
510.000000 2.106039 0.970184 0.873963 0.871929 0.247814 0.510317
520.000000 2.116755 0.972519 0.871813 0.870720 0.246158 0.509359
530.000000 2.127068 0.974560 0.869670 0.869595 0.244532 0.508441
540.000000 2.137948 0.977588 0.867531 0.868496 0.242930 0.507313
550.000000 2.148174 0.980584 0.865401 0.867448 0.241428 0.506235
560.000000 2.159404 0.984470 0.863279 0.866347 0.239769 0.504824
570.000000 2.168690 0.986288 0.861161 0.865332 0.238355 0.504070
580.000000 2.177542 0.988484 0.859051 0.864304 0.237014 0.503168
590.000000 2.186167 0.990759 0.856945 0.863275 0.235779 0.502217
600.000000 2.194300 0.992921 0.854848 0.862271 0.234583 0.501371
610.000000 2.203320 0.995801 0.852758 0.861415 0.233310 0.500297
620.000000 2.212345 0.999255 0.850679 0.860508 0.232097 0.499118
630.000000 2.220384 1.001268 0.848606 0.859583 0.231039 0.498360
640.000000 2.228543 1.003257 0.846539 0.858563 0.229879 0.497536
650.000000 2.236571 1.005657 0.844480 0.857591 0.228799 0.496562
660.000000 2.244515 1.008697 0.842427 0.856675 0.227722 0.495396
670.000000 2.252080 1.010711 0.840382 0.855883 0.226694 0.494569
680.000000 2.260197 1.013140 0.838346 0.855140 0.225645 0.493665
690.000000 2.268033 1.015263 0.836317 0.854201 0.224588 0.492814
700.000000 2.275500 1.017529 0.834296 0.853319 0.223586 0.491913
710.000000 2.282460 1.019465 0.832280 0.852539 0.222709 0.491179
720.000000 2.289881 1.022167 0.830269 0.851729 0.221697 0.490215
730.000000 2.297792 1.025052 0.828267 0.850999 0.220646 0.489211
740.000000 2.304433 1.027425 0.826274 0.850294 0.219748 0.488332
750.000000 2.311507 1.029536 0.824287 0.849528 0.218804 0.487569
760.000000 2.318817 1.031967 0.822307 0.848660 0.217855 0.486662
770.000000 2.325729 1.034368 0.820333 0.847971 0.216871 0.485740
780.000000 2.332467 1.036704 0.818366 0.847262 0.216012 0.484913
790.000000 2.339070 1.038662 0.816407 0.846573 0.215173 0.484093
800.000000 2.346308 1.041691 0.814455 0.845901 0.214253 0.483062
810.000000 2.352696 1.043399 0.812509 0.845242 0.213429 0.482355
820.000000 2.359688 1.045901 0.810570 0.844635 0.212576 0.481496
830.000000 2.366152 1.048182 0.808636 0.844088 0.211734 0.480663
840.000000 2.373407 1.050842 0.806708 0.843473 0.210834 0.479730
850.000000 2.379566 1.052992 0.804787 0.842901 0.210102 0.478918
860.000000 2.386630 1.056018 0.802875 0.842340 0.209215 0.477921
870.000000 2.393296 1.058723 0.800966 0.841668 0.208394 0.476983
880.000000 2.399978 1.061269 0.799064 0.841084 0.207548 0.476098
890.000000 2.405564 1.063655 0.797167 0.840515 0.206822 0.475201
900.000000 2.411411 1.065435 0.795279 0.839908 0.206099 0.474538
910.000000 2.417545 1.068136 0.793398 0.839288 0.205348 0.473653
920.000000 2.423404 1.069818 0.791524 0.838656 0.204662 0.473023
930.000000 2.429687 1.072447 0.789657 0.838098 0.203948 0.472179
940.000000 2.435367 1.074951 0.787796 0.837426 0.203299 0.471333
950.000000 2.441036 1.077014 0.785939 0.836745 0.202612 0.470599
960.000000 2.446902 1.079560 0.784087 0.836070 0.201936 0.469766
970.000000 2.452715 1.081938 0.782240 0.835340 0.201232 0.469031
980.000000 2.457960 1.084050 0.780399 0.834665 0.200621 0.468306
990.000000 2.463886 1.087032 0.778564 0.833997 0.199923 0.467319
1000.000000 2.469862 1.089582 0.776736 0.833336 0.199256 0.466533
1010.000000 2.475072 1.091556 0.774913 0.832604 0.198684 0.465877
1020.000000 2.481137 1.093873 0.773096 0.831751 0.197987 0.465074
1030.000000 2.487151 1.096643 0.771284 0.831004 0.197324 0.464212
1040.000000 2.493093 1.099217 0.769476 0.830374 0.196675 0.463407
1050.000000 2.497787 1.101536 0.767674 0.829730 0.196114 0.462664
1060.000000 2.503505 1.104206 0.765876 0.829051 0.195496 0.461814
1070.000000 2.509067 1.106628 0.764083 0.828276 0.194859 0.461017
1080.000000 2.513960 1.108656 0.762295 0.827494 0.194255 0.460293
1090.000000 2.519173 1.110892 0.760515 0.826744 0.193732 0.459537
1100.000000 2.523510 1.113488 0.758738 0.826172 0.193235 0.458715
1110.000000 2.528309 1.115820 0.756968 0.825589 0.192770 0.457947
1120.000000 2.533172 1.118228 0.755204 0.824933 0.192273 0.457209
1130.000000 2.539165 1.121211 0.753444 0.824154 0.191642 0.456214
1140.000000 2.543867 1.123279 0.751688 0.823389 0.191184 0.455509
1150.000000 2.548770 1.125360 0.749937 0.822681 0.190744 0.454832
1160.000000 2.554050 1.128026 0.748191 0.822015 0.190260 0.454068
1170.000000 2.559326 1.130569 0.746453 0.821427 0.189706 0.453279
1180.000000 2.563133 1.132221 0.744720 0.820814 0.189344 0.452705
1190.000000 2.568526 1.134800 0.742993 0.820100 0.188786 0.451972
1200.000000 2.574387 1.137882 0.741273 0.819350 0.188139 0.451073
1210.000000 2.579357 1.140171 0.739556 0.818741 0.187688 0.450357
1220.000000 2.583517 1.142576 0.737845 0.818201 0.187291 0.449636
1230.000000 2.587379 1.145185 0.736140 0.817602 0.186928 0.448864
1240.000000 2.592181 1.147461 0.734440 0.816854 0.186461 0.448209
1250.000000 2.596917 1.150001 0.732743 0.816202 0.185944 0.447400
1260.000000 2.600599 1.151306 0.731055 0.815519 0.185536 0.446992
1270.000000 2.604462 1.153455 0.729375 0.814951 0.185116 0.446313
1280.000000 2.608568 1.155647 0.727701 0.814385 0.184664 0.445586
1290.000000 2.613189 1.158049 0.726029 0.813850 0.184277 0.444849
1300.000000 2.617570 1.160336 0.724363 0.813310 0.183819 0.444149
1310.000000 2.622583 1.163114 0.722700 0.812791 0.183352 0.443359
1320.000000 2.627870 1.165418 0.721040 0.812201 0.182842 0.442698
1330.000000 2.632986 1.168596 0.719384 0.811689 0.182404 0.441805
1340.000000 2.637516 1.170988 0.717736 0.811147 0.181942 0.441110
1350.000000 2.642038 1.173605 0.716091 0.810577 0.181509 0.440369
1360.000000 2.646983 1.176082 0.714451 0.809879 0.180989 0.439632
1370.000000 2.652220 1.178460 0.712816 0.809171 0.180455 0.438950
1380.000000 2.657170 1.180982 0.711186 0.808554 0.179928 0.438212
1390.000000 2.660982 1.183042 0.709557 0.808105 0.179526 0.437524
1400.000000 2.664966 1.185383 0.707932 0.807601 0.179117 0.436847
1410.000000 2.669014 1.187738 0.706316 0.806959 0.178657 0.436191
1420.000000 2.673491 1.190230 0.704703 0.806422 0.178224 0.435468
1430.000000 2.677146 1.192109 0.703094 0.805872 0.177825 0.434877
1440.000000 2.680851 1.194797 0.701492 0.805344 0.177451 0.434107
1450.000000 2.684591 1.197560 0.699892 0.804879 0.177206 0.433404
1460.000000 2.687424 1.199669 0.698295 0.804343 0.176971 0.432764
1470.000000 2.690403 1.201619 0.696702 0.803844 0.176732 0.432216
1480.000000 2.694005 1.203894 0.695114 0.803328 0.176483 0.431569
1490.000000 2.697425 1.205834 0.693528 0.802788 0.176184 0.430996
1500.000000 2.700896 1.207933 0.691946 0.802382 0.175842 0.430393
1510.000000 2.704918 1.211220 0.690369 0.801872 0.175486 0.429599
1520.000000 2.708241 1.213890 0.688799 0.801395 0.175114 0.428779
1530.000000 2.711168 1.215702 0.687232 0.800887 0.174802 0.428248
1540.000000 2.714263 1.217879 0.685669 0.800261 0.174587 0.427676
1550.000000 2.716849 1.220417 0.684110 0.799795 0.174384 0.426983
1560.000000 2.720499 1.223403 0.682554 0.799335 0.174092 0.426216
1570.000000 2.724485 1.225782 0.681002 0.798783 0.173773 0.425575
1580.000000 2.727848 1.227681 0.679452 0.798235 0.173436 0.424981
1590.000000 2.731326 1.229631 0.677906 0.797743 0.173099 0.424498
1600.000000 2.734729 1.232256 0.676364 0.797301 0.172852 0.423843
1610.000000 2.737938 1.234716 0.674828 0.796816 0.172527 0.423167
1620.000000 2.741246 1.237596 0.673296 0.796489 0.172274 0.422438
1630.000000 2.744309 1.240223 0.671767 0.796127 0.172012 0.421786
1640.000000 2.747104 1.241779 0.670244 0.795687 0.171728 0.421322
1650.000000 2.750335 1.243564 0.668725 0.795161 0.171434 0.420784
1660.000000 2.754010 1.246330 0.667208 0.794687 0.171087 0.420033
1670.000000 2.756759 1.248475 0.665694 0.794389 0.170886 0.419534
1680.000000 2.761125 1.251905 0.664182 0.794016 0.170581 0.418754
1690.000000 2.764603 1.254404 0.662673 0.793627 0.170340 0.418181
1700.000000 2.768560 1.257056 0.661171 0.793169 0.170002 0.417493
1710.000000 2.772402 1.259394 0.659673 0.792672 0.169666 0.416923
1720.000000 2.776251 1.262256 0.658179 0.792235 0.169347 0.416238
1730.000000 2.779561 1.264174 0.656690 0.791921 0.169088 0.415728
1740.000000 2.783292 1.266504 0.655208 0.791579 0.168714 0.415061
1750.000000 2.787283 1.268890 0.653730 0.791095 0.168373 0.414467
1760.000000 2.791316 1.270983 0.652254 0.790618 0.168064 0.413921
1770.000000 2.796438 1.274244 0.650781 0.790009 0.167613 0.413123
1780.000000 2.800055 1.276099 0.649311 0.789617 0.167370 0.412677
1790.000000 2.803712 1.277968 0.647847 0.789173 0.167076 0.412223
1800.000000 2.808503 1.280502 0.646386 0.788763 0.166667 0.411617
1810.000000 2.813303 1.282964 0.644927 0.788202 0.166282 0.411031
1820.000000 2.817417 1.285147 0.643473 0.787728 0.165981 0.410462
1830.000000 2.821717 1.288200 0.642022 0.787265 0.165601 0.409709
1840.000000 2.825303 1.290507 0.640576 0.786909 0.165299 0.409140
1850.000000 2.829667 1.293193 0.639134 0.786557 0.164939 0.408503
1860.000000 2.833364 1.295947 0.637697 0.786155 0.164614 0.407841
1870.000000 2.836080 1.297746 0.636265 0.785641 0.164317 0.407362
1880.000000 2.839308 1.299825 0.634837 0.785090 0.164020 0.406858
1890.000000 2.842633 1.301883 0.633413 0.784642 0.163724 0.406354
1900.000000 2.845430 1.303672 0.631991 0.784273 0.163462 0.405884
1910.000000 2.848421 1.306128 0.630574 0.783943 0.163227 0.405278
1920.000000 2.851235 1.308161 0.629164 0.783459 0.162972 0.404734
1930.000000 2.854376 1.310614 0.627757 0.782936 0.162651 0.404137
1940.000000 2.857005 1.312579 0.626354 0.782524 0.162391 0.403654
1950.000000 2.859901 1.315014 0.624957 0.782036 0.162115 0.403032
1960.000000 2.862549 1.317106 0.623560 0.781674 0.161915 0.402549
1970.000000 2.864730 1.318999 0.622166 0.781351 0.161675 0.402051
1980.000000 2.867406 1.321347 0.620777 0.780941 0.161464 0.401406
1990.000000 2.869758 1.322918 0.619393 0.780522 0.161271 0.400932
2000.000000 2.872990 1.325239 0.618013 0.780059 0.160992 0.400304
2010.000000 2.875574 1.326995 0.616636 0.779767 0.160827 0.399834
2020.000000 2.878148 1.328704 0.615264 0.779396 0.160706 0.399458
2030.000000 2.881200 1.330889 0.613895 0.778944 0.160484 0.398897
2040.000000 2.884848 1.333505 0.612531 0.778512 0.160184 0.398255
2050.000000 2.887616 1.335847 0.611169 0.778094 0.159982 0.397695
2060.000000 2.890368 1.337853 0.609808 0.777738 0.159748 0.397193
2070.000000 2.893182 1.340124 0.608452 0.777392 0.159530 0.396652
2080.000000 2.895609 1.341937 0.607099 0.777013 0.159366 0.396241
2090.000000 2.899618 1.345036 0.605747 0.776582 0.159057 0.395552
2100.000000 2.902306 1.347305 0.604398 0.776187 0.158848 0.395034
2110.000000 2.905052 1.349512 0.603054 0.775735 0.158634 0.394527
2120.000000 2.907508 1.351484 0.601713 0.775350 0.158459 0.394082
2130.000000 2.909986 1.353506 0.600375 0.774982 0.158263 0.393593
2140.000000 2.912936 1.355694 0.599040 0.774548 0.157985 0.393070
2150.000000 2.915916 1.357588 0.597708 0.774013 0.157712 0.392592
2160.000000 2.919338 1.360083 0.596382 0.773496 0.157426 0.392032
2170.000000 2.922403 1.361359 0.595059 0.773080 0.157123 0.391645
2180.000000 2.925204 1.363251 0.593738 0.772744 0.156904 0.391220
2190.000000 2.929350 1.365933 0.592421 0.772378 0.156628 0.390665
2200.000000 2.933195 1.367919 0.591106 0.771998 0.156386 0.390184
2210.000000 2.937262 1.370122 0.589796 0.771601 0.156143 0.389709
2220.000000 2.941075 1.372618 0.588491 0.771150 0.155931 0.389113
2230.000000 2.944541 1.374585 0.587190 0.770716 0.155703 0.388656
2240.000000 2.947573 1.376438 0.585893 0.770344 0.155561 0.388228
2250.000000 2.951682 1.378851 0.584600 0.769888 0.155275 0.387683
2260.000000 2.954752 1.380172 0.583311 0.769387 0.155032 0.387319
2270.000000 2.958360 1.381947 0.582025 0.768895 0.154774 0.386924
2280.000000 2.962486 1.384627 0.580741 0.768483 0.154521 0.386342
2290.000000 2.966083 1.386860 0.579462 0.768108 0.154298 0.385856
2300.000000 2.968910 1.388655 0.578187 0.767723 0.154134 0.385456
2310.000000 2.972720 1.390641 0.576917 0.767348 0.153899 0.385013
2320.000000 2.976242 1.392830 0.575650 0.766835 0.153667 0.384526
2330.000000 2.979859 1.394577 0.574387 0.766396 0.153420 0.384109
2340.000000 2.984135 1.397087 0.573128 0.765817 0.153094 0.383551
2350.000000 2.988570 1.399186 0.571872 0.765264 0.152805 0.383082
2360.000000 2.992220 1.400683 0.570619 0.764780 0.152542 0.382660
2370.000000 2.997496 1.403825 0.569369 0.764280 0.152182 0.382073
2380.000000 3.001027 1.405610 0.568123 0.763899 0.151934 0.381629
2390.000000 3.005534 1.408368 0.566883 0.763362 0.151626 0.381065
2400.000000 3.009815 1.410787 0.565649 0.762856 0.151365 0.380565
2410.000000 3.013499 1.413187 0.564419 0.762430 0.151123 0.380042
2420.000000 3.016933 1.415193 0.563192 0.762035 0.150911 0.379597
2430.000000 3.021070 1.417366 0.561967 0.761578 0.150561 0.379117
2440.000000 3.025169 1.419875 0.560745 0.761154 0.150265 0.378580
2450.000000 3.029324 1.422351 0.559529 0.760729 0.150004 0.378058
2460.000000 3.033738 1.424806 0.558316 0.760294 0.149742 0.377575
2470.000000 3.037613 1.427274 0.557106 0.759902 0.149525 0.377075
2480.000000 3.041576 1.429819 0.555898 0.759504 0.149285 0.376551
2490.000000 3.045606 1.432554 0.554693 0.759131 0.149041 0.376009
2500.000000 3.048470 1.434540 0.553492 0.758775 0.148773 0.375574
2510.000000 3.051109 1.436668 0.552295 0.758408 0.148602 0.375124
2520.000000 3.053963 1.438975 0.551100 0.758118 0.148407 0.374651
2530.000000 3.056386 1.440367 0.549908 0.757802 0.148225 0.374344
2540.000000 3.058878 1.442208 0.548718 0.757473 0.148073 0.373893
2550.000000 3.061584 1.443861 0.547532 0.757157 0.147929 0.373523
2560.000000 3.064581 1.446094 0.546350 0.756772 0.147693 0.373075
2570.000000 3.067643 1.448316 0.545171 0.756470 0.147490 0.372566
2580.000000 3.070507 1.450635 0.543996 0.756125 0.147275 0.372093
2590.000000 3.072515 1.452086 0.542823 0.755824 0.147144 0.371710
2600.000000 3.075524 1.454014 0.541652 0.755541 0.146919 0.371244
2610.000000 3.078316 1.455893 0.540484 0.755257 0.146723 0.370768
2620.000000 3.081390 1.457918 0.539318 0.754990 0.146561 0.370374
2630.000000 3.083853 1.459556 0.538154 0.754659 0.146359 0.370023
2640.000000 3.086676 1.461407 0.536992 0.754317 0.146139 0.369578
2650.000000 3.089867 1.463675 0.535834 0.754027 0.145875 0.369098
2660.000000 3.092286 1.465373 0.534678 0.753659 0.145661 0.368712
2670.000000 3.094845 1.467021 0.533526 0.753308 0.145488 0.368337
2680.000000 3.097865 1.469350 0.532377 0.752947 0.145295 0.367912
2690.000000 3.100750 1.471314 0.531228 0.752664 0.145081 0.367449
2700.000000 3.103234 1.473296 0.530083 0.752378 0.144902 0.367031
2710.000000 3.105592 1.475119 0.528940 0.752088 0.144759 0.366677
2720.000000 3.107780 1.476461 0.527800 0.751727 0.144616 0.366334
2730.000000 3.110094 1.478303 0.526663 0.751398 0.144468 0.365880
2740.000000 3.112576 1.480318 0.525529 0.751107 0.144312 0.365400
2750.000000 3.114300 1.482331 0.524394 0.750815 0.144194 0.365015
2760.000000 3.116601 1.484245 0.523261 0.750429 0.144050 0.364631
2770.000000 3.118432 1.485492 0.522132 0.750089 0.143901 0.364310
2780.000000 3.120194 1.487001 0.521007 0.749741 0.143824 0.363980
2790.000000 3.122966 1.489594 0.519883 0.749481 0.143629 0.363471
2800.000000 3.125108 1.491307 0.518761 0.749206 0.143498 0.363070
2810.000000 3.127066 1.492891 0.517643 0.748894 0.143369 0.362773
2820.000000 3.128735 1.494109 0.516527 0.748523 0.143206 0.362439
2830.000000 3.130638 1.495683 0.515414 0.748134 0.143051 0.362058
2840.000000 3.133378 1.497925 0.514304 0.747753 0.142827 0.361651
2850.000000 3.135504 1.499373 0.513196 0.747456 0.142700 0.361339
2860.000000 3.138703 1.501518 0.512090 0.747101 0.142464 0.360927
2870.000000 3.140885 1.503684 0.510987 0.746785 0.142290 0.360513
2880.000000 3.144110 1.506379 0.509885 0.746411 0.142062 0.360023
2890.000000 3.146540 1.508447 0.508786 0.746125 0.141919 0.359594
2900.000000 3.148888 1.510111 0.507691 0.745799 0.141770 0.359218
2910.000000 3.151564 1.512619 0.506599 0.745488 0.141645 0.358815
2920.000000 3.153697 1.514558 0.505510 0.745181 0.141527 0.358473
2930.000000 3.156058 1.516602 0.504428 0.744896 0.141416 0.358118
2940.000000 3.158328 1.518476 0.503349 0.744480 0.141259 0.357742
2950.000000 3.160808 1.520827 0.502273 0.744121 0.141052 0.357293
2960.000000 3.163605 1.523725 0.501200 0.743789 0.140908 0.356821
2970.000000 3.165280 1.525388 0.500128 0.743561 0.140813 0.356491
2980.000000 3.167530 1.527556 0.499059 0.743192 0.140672 0.356110
2990.000000 3.170349 1.529575 0.497995 0.742731 0.140486 0.355722
3000.000000 3.172666 1.531530 0.496935 0.742242 0.140375 0.355349
3010.000000 3.175447 1.534300 0.495880 0.741786 0.140244 0.354918
3020.000000 3.176827 1.535951 0.494825 0.741487 0.140155 0.354622
3030.000000 3.179184 1.538285 0.493773 0.741128 0.139968 0.354171
3040.000000 3.181711 1.540337 0.492723 0.740653 0.139826 0.353760
3050.000000 3.185187 1.542515 0.491675 0.740161 0.139606 0.353306
3060.000000 3.187940 1.544420 0.490630 0.739773 0.139440 0.352947
3070.000000 3.191496 1.546494 0.489586 0.739475 0.139257 0.352581
3080.000000 3.194183 1.547710 0.488546 0.739145 0.139114 0.352374
3090.000000 3.197200 1.549638 0.487510 0.738756 0.138961 0.351953
3100.000000 3.200824 1.552448 0.486476 0.738299 0.138786 0.351469
3110.000000 3.204222 1.554671 0.485443 0.737881 0.138616 0.351088
3120.000000 3.207511 1.557101 0.484412 0.737415 0.138444 0.350687
3130.000000 3.209336 1.558447 0.483383 0.737124 0.138356 0.350400
3140.000000 3.212149 1.560791 0.482357 0.736770 0.138206 0.349997
3150.000000 3.214932 1.563314 0.481331 0.736394 0.138066 0.349594
3160.000000 3.217814 1.565755 0.480308 0.735936 0.137904 0.349186
3170.000000 3.220616 1.567696 0.479289 0.735360 0.137802 0.348842
3180.000000 3.222508 1.570009 0.478273 0.734998 0.137742 0.348497
3190.000000 3.224841 1.572019 0.477261 0.734463 0.137600 0.348163
3200.000000 3.227755 1.574273 0.476252 0.733996 0.137463 0.347800
3210.000000 3.231280 1.576795 0.475245 0.733489 0.137248 0.347365
3220.000000 3.234730 1.579369 0.474240 0.732910 0.137077 0.346963
3230.000000 3.237700 1.581801 0.473237 0.732440 0.136873 0.346524
3240.000000 3.241073 1.584076 0.472236 0.731926 0.136729 0.346116
3250.000000 3.244173 1.586608 0.471238 0.731483 0.136573 0.345749
3260.000000 3.247427 1.588876 0.470241 0.731020 0.136377 0.345350
3270.000000 3.250415 1.590190 0.469247 0.730503 0.136235 0.345080
3280.000000 3.253521 1.591989 0.468255 0.729901 0.136117 0.344802
3290.000000 3.256242 1.593515 0.467267 0.729404 0.135980 0.344516
3300.000000 3.258772 1.595504 0.466281 0.728999 0.135818 0.344171
3310.000000 3.261883 1.597873 0.465298 0.728561 0.135656 0.343765
3320.000000 3.264428 1.599510 0.464318 0.727967 0.135521 0.343473
3330.000000 3.267144 1.601274 0.463341 0.727352 0.135371 0.343137
3340.000000 3.269916 1.603130 0.462365 0.726875 0.135239 0.342837
3350.000000 3.273375 1.605441 0.461391 0.726440 0.135030 0.342469
3360.000000 3.276519 1.608162 0.460418 0.726038 0.134873 0.342106
3370.000000 3.279225 1.610147 0.459448 0.725660 0.134678 0.341762
3380.000000 3.281493 1.611982 0.458480 0.725270 0.134560 0.341412
3390.000000 3.284876 1.613983 0.457516 0.724757 0.134426 0.341117
3400.000000 3.287359 1.616276 0.456555 0.724356 0.134301 0.340728
3410.000000 3.290367 1.618592 0.455602 0.723958 0.134139 0.340365
3420.000000 3.293424 1.621615 0.454651 0.723708 0.133990 0.339944
3430.000000 3.295871 1.623959 0.453703 0.723351 0.133808 0.339597
3440.000000 3.298248 1.626041 0.452757 0.722998 0.133674 0.339258
3450.000000 3.301314 1.628480 0.451814 0.722626 0.133541 0.338891
3460.000000 3.303722 1.630224 0.450874 0.722335 0.133439 0.338632
3470.000000 3.306418 1.632892 0.449936 0.722019 0.133302 0.338272
3480.000000 3.308923 1.635197 0.448997 0.721874 0.133179 0.337928
3490.000000 3.310713 1.637113 0.448060 0.721650 0.133053 0.337631
3500.000000 3.313151 1.639611 0.447126 0.721410 0.132946 0.337273
3510.000000 3.314896 1.640924 0.446195 0.721184 0.132845 0.337009
3520.000000 3.316297 1.642170 0.445265 0.720941 0.132718 0.336731
3530.000000 3.318108 1.644061 0.444336 0.720729 0.132604 0.336411
3540.000000 3.319664 1.646294 0.443410 0.720566 0.132511 0.336094
3550.000000 3.322436 1.649070 0.442487 0.720401 0.132371 0.335680
3560.000000 3.324769 1.650807 0.441566 0.720266 0.132251 0.335413
3570.000000 3.328454 1.653613 0.440646 0.720157 0.132031 0.334990
3580.000000 3.330676 1.655263 0.439727 0.719995 0.131916 0.334678
3590.000000 3.332825 1.656795 0.438811 0.719888 0.131775 0.334396
3600.000000 3.334579 1.658173 0.437895 0.719749 0.131718 0.334149
3610.000000 3.336927 1.660038 0.436979 0.719669 0.131595 0.333857
3620.000000 3.339328 1.662570 0.436066 0.719646 0.131477 0.333483
3630.000000 3.341964 1.665523 0.435154 0.719550 0.131359 0.333064
3640.000000 3.344237 1.667842 0.434245 0.719530 0.131223 0.332671
3650.000000 3.345998 1.669013 0.433338 0.719446 0.131107 0.332438
3660.000000 3.347671 1.670500 0.432433 0.719423 0.131025 0.332209
3670.000000 3.348611 1.671442 0.431529 0.719339 0.130919 0.332018
3680.000000 3.351055 1.674094 0.430628 0.719241 0.130784 0.331649
3690.000000 3.353603 1.677121 0.429729 0.719216 0.130627 0.331165
3700.000000 3.354490 1.678256 0.428832 0.719221 0.130577 0.330967
3710.000000 3.356836 1.680464 0.427937 0.719114 0.130444 0.330668
3720.000000 3.358909 1.682505 0.427042 0.719017 0.130297 0.330295
3730.000000 3.361552 1.684867 0.426149 0.718887 0.130134 0.329947
3740.000000 3.364756 1.688119 0.425257 0.718803 0.129979 0.329505
3750.000000 3.366262 1.690008 0.424368 0.718774 0.129887 0.329201
3760.000000 3.368694 1.692763 0.423481 0.718722 0.129754 0.328827
3770.000000 3.370353 1.694291 0.422594 0.718648 0.129658 0.328580
3780.000000 3.370994 1.695618 0.421709 0.718590 0.129599 0.328334
3790.000000 3.372847 1.697848 0.420826 0.718568 0.129525 0.327974
3800.000000 3.373719 1.700117 0.419946 0.718573 0.129513 0.327677
3810.000000 3.374665 1.701390 0.419067 0.718553 0.129464 0.327487
3820.000000 3.376145 1.703365 0.418191 0.718527 0.129368 0.327171
3830.000000 3.377673 1.705344 0.417316 0.718472 0.129303 0.326921
3840.000000 3.379171 1.707661 0.416443 0.718467 0.129228 0.326637
3850.000000 3.379886 1.709303 0.415571 0.718437 0.129134 0.326332
3860.000000 3.381010 1.711459 0.414702 0.718453 0.129090 0.325997
3870.000000 3.382028 1.713142 0.413834 0.718384 0.128997 0.325700
3880.000000 3.383323 1.715102 0.412966 0.718408 0.128907 0.325417
3890.000000 3.384515 1.716189 0.412101 0.718427 0.128814 0.325207
3900.000000 3.386005 1.718194 0.411238 0.718361 0.128707 0.324927
3910.000000 3.385862 1.718965 0.410378 0.718355 0.128720 0.324799
3920.000000 3.387122 1.721223 0.409521 0.718323 0.128627 0.324461
3930.000000 3.388658 1.723188 0.408668 0.718346 0.128528 0.324177
3940.000000 3.390083 1.725061 0.407818 0.718240 0.128428 0.323920
3950.000000 3.390485 1.726726 0.406969 0.718188 0.128340 0.323668
3960.000000 3.391187 1.728545 0.406120 0.718124 0.128267 0.323390
3970.000000 3.392115 1.730023 0.405274 0.718063 0.128183 0.323160
3980.000000 3.392978 1.731980 0.404431 0.718044 0.128131 0.322892
3990.000000 3.393448 1.732971 0.403590 0.717943 0.128056 0.322667
4000.000000 3.394631 1.735200 0.402752 0.717964 0.127974 0.322351
4010.000000 3.396368 1.737346 0.401915 0.717959 0.127903 0.322053
4020.000000 3.397010 1.739314 0.401082 0.717948 0.127820 0.321718
4030.000000 3.397598 1.741016 0.400249 0.717953 0.127759 0.321454
4040.000000 3.397710 1.742090 0.399417 0.717868 0.127703 0.321240
4050.000000 3.397887 1.743315 0.398588 0.717858 0.127646 0.321032
4060.000000 3.399572 1.745016 0.397762 0.717752 0.127502 0.320746
4070.000000 3.401188 1.747344 0.396940 0.717694 0.127391 0.320459
4080.000000 3.402392 1.749591 0.396118 0.717616 0.127264 0.320167
4090.000000 3.404307 1.751862 0.395299 0.717575 0.127151 0.319901
4100.000000 3.405035 1.753475 0.394482 0.717540 0.127052 0.319676
4110.000000 3.406143 1.755157 0.393667 0.717540 0.126979 0.319417
4120.000000 3.407680 1.757187 0.392854 0.717546 0.126909 0.319168
4130.000000 3.408531 1.759436 0.392044 0.717523 0.126830 0.318885
4140.000000 3.409513 1.761115 0.391236 0.717509 0.126723 0.318631
4150.000000 3.410788 1.763248 0.390429 0.717552 0.126595 0.318314
4160.000000 3.412066 1.765038 0.389625 0.717627 0.126492 0.318051
4170.000000 3.413340 1.766426 0.388822 0.717617 0.126396 0.317829
4180.000000 3.414404 1.768295 0.388021 0.717610 0.126336 0.317576
4190.000000 3.415186 1.770020 0.387221 0.717518 0.126236 0.317316
4200.000000 3.416499 1.772323 0.386425 0.717447 0.126084 0.316979
4210.000000 3.417636 1.773512 0.385631 0.717451 0.125963 0.316770
4220.000000 3.418598 1.774832 0.384837 0.717438 0.125867 0.316594
4230.000000 3.419087 1.776413 0.384046 0.717446 0.125810 0.316362
4240.000000 3.419699 1.778012 0.383256 0.717369 0.125763 0.316142
4250.000000 3.420870 1.780417 0.382468 0.717376 0.125712 0.315817
4260.000000 3.422092 1.782926 0.381683 0.717306 0.125605 0.315480
4270.000000 3.422782 1.784585 0.380900 0.717210 0.125550 0.315230
4280.000000 3.422462 1.784946 0.380120 0.717199 0.125482 0.315139
4290.000000 3.423078 1.786306 0.379340 0.717163 0.125419 0.314900
4300.000000 3.423695 1.787920 0.378563 0.717126 0.125354 0.314680
4310.000000 3.425187 1.789997 0.377787 0.717014 0.125218 0.314397
4320.000000 3.426875 1.791914 0.377015 0.716875 0.125081 0.314084
4330.000000 3.428014 1.793990 0.376246 0.716867 0.124987 0.313781
4340.000000 3.428802 1.796257 0.375479 0.716851 0.124923 0.313505
4350.000000 3.428972 1.797541 0.374715 0.716822 0.124889 0.313293
4360.000000 3.430078 1.799640 0.373953 0.716717 0.124832 0.313059
4370.000000 3.432088 1.801674 0.373193 0.716700 0.124720 0.312772
4380.000000 3.434611 1.804423 0.372435 0.716602 0.124548 0.312442
4390.000000 3.435310 1.805817 0.371679 0.716480 0.124488 0.312274
4400.000000 3.435979 1.807287 0.370925 0.716464 0.124440 0.312055
4410.000000 3.436041 1.808647 0.370172 0.716464 0.124405 0.311856
4420.000000 3.437241 1.810607 0.369419 0.716552 0.124309 0.311653
4430.000000 3.439499 1.813487 0.368669 0.716385 0.124154 0.311290
4440.000000 3.440991 1.815196 0.367922 0.716300 0.124003 0.311030
4450.000000 3.442623 1.816976 0.367176 0.716219 0.123864 0.310785
4460.000000 3.442459 1.818395 0.366432 0.716256 0.123808 0.310548
4470.000000 3.441897 1.819764 0.365690 0.716357 0.123764 0.310354
4480.000000 3.442090 1.821701 0.364950 0.716436 0.123707 0.310100
4490.000000 3.442435 1.822836 0.364214 0.716434 0.123623 0.309897
4500.000000 3.442345 1.824593 0.363479 0.716365 0.123579 0.309695
4510.000000 3.442644 1.826730 0.362747 0.716255 0.123548 0.309433
4520.000000 3.442578 1.828825 0.362016 0.716261 0.123490 0.309167
4530.000000 3.441954 1.830321 0.361288 0.716278 0.123457 0.308980
4540.000000 3.442368 1.832241 0.360563 0.716246 0.123365 0.308737
4550.000000 3.443033 1.834228 0.359838 0.716226 0.123299 0.308508
4560.000000 3.443591 1.835854 0.359114 0.716158 0.123229 0.308299
4570.000000 3.442312 1.837110 0.358392 0.716228 0.123236 0.308110
4580.000000 3.441443 1.837807 0.357671 0.716308 0.123198 0.307978
4590.000000 3.441395 1.839572 0.356951 0.716423 0.123144 0.307707
4600.000000 3.440389 1.841072 0.356232 0.716510 0.123132 0.307529
4610.000000 3.441186 1.843005 0.355516 0.716579 0.123065 0.307314
4620.000000 3.442283 1.844998 0.354802 0.716625 0.122984 0.307073
4630.000000 3.443483 1.847054 0.354092 0.716680 0.122896 0.306834
4640.000000 3.444258 1.848424 0.353383 0.716728 0.122805 0.306607
4650.000000 3.445713 1.850698 0.352677 0.716761 0.122667 0.306309
4660.000000 3.447554 1.852675 0.351972 0.716685 0.122539 0.306069
4670.000000 3.449054 1.853864 0.351270 0.716567 0.122414 0.305872
4680.000000 3.450006 1.855310 0.350569 0.716608 0.122354 0.305691
4690.000000 3.449766 1.856731 0.349869 0.716652 0.122300 0.305516
4700.000000 3.449660 1.857390 0.349170 0.716685 0.122244 0.305381
4710.000000 3.450787 1.859768 0.348472 0.716650 0.122179 0.305113
4720.000000 3.451651 1.861638 0.347776 0.716608 0.122056 0.304857
4730.000000 3.450870 1.862416 0.347081 0.716610 0.122046 0.304723
4740.000000 3.450021 1.863563 0.346388 0.716571 0.122011 0.304544
4750.000000 3.450232 1.865066 0.345696 0.716523 0.121948 0.304374
4760.000000 3.450842 1.867547 0.345007 0.716598 0.121846 0.304099
4770.000000 3.450130 1.868334 0.344319 0.716617 0.121805 0.303937
4780.000000 3.449746 1.869416 0.343634 0.716634 0.121769 0.303780
4790.000000 3.449837 1.871419 0.342949 0.716582 0.121719 0.303542
4800.000000 3.449368 1.872864 0.342266 0.716510 0.121678 0.303348
4810.000000 3.449602 1.875405 0.341585 0.716597 0.121652 0.303104
4820.000000 3.450530 1.877757 0.340905 0.716616 0.121563 0.302806
4830.000000 3.450702 1.879270 0.340226 0.716743 0.121486 0.302629
4840.000000 3.450694 1.880718 0.339547 0.716873 0.121415 0.302438
4850.000000 3.450328 1.882665 0.338870 0.716919 0.121402 0.302241
4860.000000 3.450217 1.884058 0.338196 0.716915 0.121375 0.302084
4870.000000 3.451224 1.886077 0.337522 0.716929 0.121302 0.301867
4880.000000 3.451423 1.887590 0.336849 0.717026 0.121273 0.301717
4890.000000 3.452359 1.889587 0.336178 0.717112 0.121216 0.301480
4900.000000 3.452683 1.891338 0.335507 0.717221 0.121147 0.301319
4910.000000 3.451486 1.891889 0.334838 0.717195 0.121159 0.301178
4920.000000 3.452064 1.893550 0.334170 0.717156 0.121125 0.300935
4930.000000 3.451733 1.895329 0.333503 0.717189 0.121098 0.300757
4940.000000 3.452310 1.897177 0.332840 0.717276 0.121044 0.300567
4950.000000 3.452447 1.899262 0.332176 0.717403 0.121012 0.300339
4960.000000 3.452419 1.900507 0.331514 0.717479 0.121001 0.300210
4970.000000 3.453835 1.903014 0.330854 0.717516 0.120935 0.299977
4980.000000 3.454809 1.904403 0.330196 0.717478 0.120864 0.299802
4990.000000 3.454970 1.905376 0.329541 0.717558 0.120846 0.299663
5000.000000 3.455300 1.908300 0.328886 0.717715 0.120821 0.299410
