#-t-MSD-MSDCR-survive-Fkv-Fkvv-FkvvCR
10.000000 0.532809 0.487468 0.992021 0.976787 0.696785 0.711312
20.000000 0.765197 0.652135 0.986730 0.964702 0.596334 0.636814
30.000000 0.926677 0.738322 0.981874 0.956035 0.535368 0.601178
40.000000 1.050358 0.794982 0.977211 0.949679 0.493099 0.578950
50.000000 1.150048 0.835409 0.972663 0.944482 0.461609 0.563701
60.000000 1.241281 0.867061 0.968210 0.938508 0.434711 0.552099
70.000000 1.320001 0.891931 0.963827 0.933037 0.412932 0.543160
80.000000 1.391652 0.914181 0.959501 0.927754 0.394129 0.535343
90.000000 1.456334 0.933101 0.955222 0.922922 0.377979 0.528835
100.000000 1.513216 0.950092 0.950985 0.919088 0.364347 0.523030
110.000000 1.563876 0.966454 0.946788 0.916209 0.352825 0.517591
120.000000 1.613287 0.980607 0.942625 0.912666 0.341916 0.512913
130.000000 1.663162 0.993715 0.938501 0.908399 0.331365 0.508666
140.000000 1.709912 1.006703 0.934414 0.904312 0.321726 0.504484
150.000000 1.750411 1.018597 0.930361 0.901330 0.313664 0.500639
160.000000 1.786142 1.029559 0.926339 0.899094 0.306797 0.497146
170.000000 1.822178 1.040108 0.922350 0.896399 0.300095 0.493798
180.000000 1.858501 1.050683 0.918398 0.893331 0.293502 0.490481
190.000000 1.894951 1.061695 0.914476 0.890219 0.287075 0.487085
200.000000 1.927731 1.071054 0.910585 0.887458 0.281400 0.484188
210.000000 1.959023 1.080370 0.906721 0.884990 0.276203 0.481385
220.000000 1.987906 1.089134 0.902882 0.883044 0.271589 0.478779
230.000000 2.015433 1.098014 0.899064 0.881187 0.267157 0.476078
240.000000 2.044100 1.106918 0.895269 0.878805 0.262672 0.473460
250.000000 2.073383 1.115572 0.891500 0.876229 0.258311 0.470993
260.000000 2.100860 1.124155 0.887758 0.873855 0.254139 0.468501
270.000000 2.125050 1.132678 0.884040 0.872191 0.250707 0.466066
280.000000 2.148293 1.140583 0.880346 0.870508 0.247373 0.463790
290.000000 2.173067 1.148565 0.876672 0.868607 0.243888 0.461473
300.000000 2.196951 1.156329 0.873022 0.866488 0.240584 0.459261
310.000000 2.220701 1.164113 0.869394 0.864333 0.237357 0.457072
320.000000 2.243774 1.172896 0.865789 0.862503 0.234233 0.454637
330.000000 2.265162 1.180408 0.862205 0.860785 0.231461 0.452574
340.000000 2.285676 1.187496 0.858638 0.859220 0.228827 0.450628
350.000000 2.306137 1.194635 0.855089 0.857601 0.226194 0.448637
360.000000 2.326318 1.202068 0.851556 0.855957 0.223681 0.446649
370.000000 2.346285 1.208615 0.848044 0.854133 0.221177 0.444849
380.000000 2.365580 1.215107 0.844549 0.852600 0.218790 0.443130
390.000000 2.384308 1.221986 0.841074 0.851194 0.216481 0.441177
400.000000 2.402028 1.229203 0.837619 0.849756 0.214373 0.439298
410.000000 2.419927 1.235732 0.834184 0.848249 0.212333 0.437576
420.000000 2.438524 1.242997 0.830773 0.846699 0.210226 0.435684
430.000000 2.455057 1.249588 0.827381 0.845257 0.208403 0.434018
440.000000 2.470930 1.255961 0.824005 0.843979 0.206658 0.432341
450.000000 2.486657 1.262331 0.820651 0.842654 0.204887 0.430644
460.000000 2.502885 1.269625 0.817315 0.841287 0.203124 0.428811
470.000000 2.518264 1.276021 0.814002 0.839991 0.201511 0.427179
480.000000 2.532709 1.282619 0.810708 0.838697 0.200054 0.425535
490.000000 2.546809 1.288504 0.807430 0.837445 0.198670 0.424090
500.000000 2.561637 1.294906 0.804169 0.836267 0.197149 0.422483
510.000000 2.576871 1.301812 0.800925 0.835093 0.195667 0.420778
520.000000 2.591299 1.308561 0.797701 0.833983 0.194180 0.419070
530.000000 2.604831 1.314503 0.794494 0.832724 0.192762 0.417574
540.000000 2.618104 1.320563 0.791303 0.831568 0.191404 0.416085
550.000000 2.631613 1.326852 0.788136 0.830524 0.190001 0.414590
560.000000 2.643766 1.332288 0.784987 0.829466 0.188895 0.413290
570.000000 2.656709 1.338352 0.781855 0.828430 0.187690 0.411895
580.000000 2.669399 1.344757 0.778741 0.827361 0.186457 0.410374
590.000000 2.681781 1.350427 0.775644 0.826385 0.185277 0.409100
600.000000 2.693455 1.355752 0.772565 0.825433 0.184180 0.407825
610.000000 2.704752 1.361577 0.769504 0.824458 0.183149 0.406499
620.000000 2.716774 1.367301 0.766459 0.823372 0.182005 0.405135
630.000000 2.728365 1.373528 0.763428 0.822266 0.180936 0.403721
640.000000 2.739654 1.378837 0.760411 0.821305 0.179937 0.402504
650.000000 2.751059 1.384342 0.757411 0.820441 0.178941 0.401247
660.000000 2.761706 1.389686 0.754423 0.819460 0.177989 0.399985
670.000000 2.772290 1.394857 0.751453 0.818464 0.177068 0.398813
680.000000 2.783304 1.400325 0.748496 0.817463 0.176104 0.397471
690.000000 2.794351 1.406295 0.745551 0.816575 0.175116 0.396179
700.000000 2.804597 1.411941 0.742623 0.815639 0.174289 0.394915
710.000000 2.814678 1.416914 0.739712 0.814695 0.173460 0.393840
720.000000 2.824507 1.422012 0.736815 0.813712 0.172657 0.392714
730.000000 2.834453 1.427779 0.733930 0.812889 0.171886 0.391440
740.000000 2.845107 1.433453 0.731062 0.812016 0.170924 0.390163
750.000000 2.855549 1.438911 0.728210 0.811019 0.170062 0.388987
760.000000 2.865161 1.444187 0.725372 0.810209 0.169322 0.387822
770.000000 2.875212 1.449298 0.722549 0.809461 0.168499 0.386733
780.000000 2.885525 1.454364 0.719744 0.808635 0.167673 0.385651
790.000000 2.896491 1.460059 0.716952 0.807835 0.166842 0.384426
800.000000 2.906961 1.465510 0.714175 0.807039 0.166045 0.383311
810.000000 2.916291 1.470924 0.711418 0.806349 0.165346 0.382179
820.000000 2.925721 1.475886 0.708678 0.805451 0.164578 0.381041
830.000000 2.934858 1.481364 0.705951 0.804718 0.163884 0.379928
840.000000 2.943671 1.486220 0.703238 0.804102 0.163180 0.378877
850.000000 2.952043 1.491156 0.700538 0.803473 0.162432 0.377756
860.000000 2.962078 1.497022 0.697849 0.802720 0.161665 0.376534
870.000000 2.972109 1.502921 0.695174 0.801785 0.160837 0.375337
880.000000 2.981682 1.508305 0.692509 0.800993 0.160097 0.374214
890.000000 2.991075 1.513892 0.689860 0.800340 0.159421 0.373173
900.000000 3.000777 1.519044 0.687222 0.799605 0.158711 0.372155
910.000000 3.009471 1.523491 0.684598 0.798804 0.158048 0.371245
920.000000 3.017295 1.528782 0.681989 0.798061 0.157459 0.370147
930.000000 3.024818 1.533500 0.679391 0.797433 0.156855 0.369176
940.000000 3.033428 1.538821 0.676806 0.796733 0.156233 0.368123
950.000000 3.041814 1.543703 0.674236 0.796066 0.155635 0.367152
960.000000 3.049892 1.548589 0.671680 0.795410 0.155090 0.366178
970.000000 3.058773 1.553625 0.669136 0.794562 0.154361 0.365126
980.000000 3.068284 1.558806 0.666604 0.793680 0.153617 0.364078
990.000000 3.076439 1.563335 0.664085 0.792817 0.153011 0.363112
1000.000000 3.085051 1.568953 0.661577 0.792002 0.152388 0.362062
1010.000000 3.093049 1.573746 0.659082 0.791282 0.151752 0.361080
1020.000000 3.101567 1.577847 0.656601 0.790430 0.151186 0.360270
1030.000000 3.109972 1.582851 0.654135 0.789686 0.150667 0.359324
1040.000000 3.118728 1.588306 0.651683 0.788864 0.150118 0.358358
1050.000000 3.128464 1.593843 0.649243 0.787956 0.149491 0.357363
1060.000000 3.137044 1.598571 0.646812 0.787153 0.148901 0.356477
1070.000000 3.145193 1.603700 0.644396 0.786327 0.148343 0.355590
1080.000000 3.152083 1.608488 0.641992 0.785651 0.147899 0.354705
1090.000000 3.159205 1.613530 0.639598 0.784951 0.147418 0.353739
1100.000000 3.166398 1.617843 0.637216 0.784206 0.146981 0.352887
1110.000000 3.173971 1.623363 0.634846 0.783482 0.146492 0.351914
1120.000000 3.180789 1.628252 0.632481 0.782770 0.145993 0.351007
1130.000000 3.187569 1.632445 0.630129 0.782030 0.145536 0.350241
1140.000000 3.193396 1.636833 0.627789 0.781424 0.145158 0.349435
1150.000000 3.199791 1.641955 0.625463 0.780829 0.144764 0.348505
1160.000000 3.206974 1.647189 0.623147 0.780180 0.144299 0.347534
1170.000000 3.213784 1.651878 0.620840 0.779444 0.143842 0.346600
1180.000000 3.220842 1.656312 0.618540 0.778725 0.143378 0.345770
1190.000000 3.227267 1.660761 0.616255 0.778013 0.142972 0.345029
1200.000000 3.233518 1.665295 0.613979 0.777330 0.142566 0.344166
1210.000000 3.240074 1.670238 0.611714 0.776615 0.142137 0.343205
1220.000000 3.245844 1.674356 0.609465 0.776010 0.141709 0.342495
1230.000000 3.251984 1.678842 0.607222 0.775372 0.141276 0.341621
1240.000000 3.257826 1.683182 0.604990 0.774688 0.140884 0.340820
1250.000000 3.263409 1.687141 0.602767 0.774171 0.140507 0.340062
1260.000000 3.269701 1.691606 0.600551 0.773636 0.140035 0.339254
1270.000000 3.275924 1.696022 0.598340 0.773111 0.139640 0.338483
1280.000000 3.283128 1.701929 0.596144 0.772469 0.139172 0.337444
1290.000000 3.289857 1.705948 0.593956 0.771747 0.138753 0.336716
1300.000000 3.296455 1.710405 0.591776 0.771135 0.138303 0.335902
1310.000000 3.303770 1.715449 0.589608 0.770496 0.137793 0.335028
1320.000000 3.310478 1.719886 0.587448 0.770068 0.137305 0.334285
1330.000000 3.316848 1.724089 0.585298 0.769573 0.136833 0.333497
1340.000000 3.324065 1.728565 0.583159 0.769021 0.136307 0.332752
1350.000000 3.332251 1.733730 0.581031 0.768321 0.135801 0.331928
1360.000000 3.339361 1.737576 0.578907 0.767540 0.135396 0.331251
1370.000000 3.346248 1.741871 0.576789 0.766936 0.134982 0.330495
1380.000000 3.352528 1.746614 0.574680 0.766418 0.134567 0.329666
1390.000000 3.359034 1.751121 0.572582 0.765884 0.134125 0.328869
1400.000000 3.366736 1.755406 0.570498 0.765149 0.133662 0.328178
1410.000000 3.374569 1.760387 0.568423 0.764490 0.133243 0.327394
1420.000000 3.381410 1.764961 0.566360 0.763877 0.132860 0.326609
1430.000000 3.387625 1.769079 0.564306 0.763326 0.132525 0.325917
1440.000000 3.392790 1.772753 0.562261 0.762872 0.132217 0.325254
1450.000000 3.399921 1.778386 0.560225 0.762385 0.131836 0.324405
1460.000000 3.406442 1.783036 0.558200 0.761850 0.131485 0.323706
1470.000000 3.412464 1.786973 0.556184 0.761188 0.131147 0.323044
1480.000000 3.418551 1.791198 0.554174 0.760543 0.130826 0.322361
1490.000000 3.423538 1.795043 0.552175 0.760071 0.130603 0.321749
1500.000000 3.429546 1.799887 0.550186 0.759705 0.130319 0.321085
1510.000000 3.434880 1.804461 0.548208 0.759208 0.129976 0.320320
1520.000000 3.441066 1.808436 0.546237 0.758619 0.129670 0.319739
1530.000000 3.447971 1.813306 0.544270 0.758003 0.129278 0.319038
1540.000000 3.452813 1.816872 0.542313 0.757493 0.128950 0.318463
1550.000000 3.457931 1.821422 0.540366 0.757087 0.128654 0.317771
1560.000000 3.462529 1.825856 0.538432 0.756718 0.128322 0.317084
1570.000000 3.467330 1.829978 0.536506 0.756353 0.127953 0.316432
1580.000000 3.472635 1.834955 0.534592 0.755914 0.127634 0.315695
1590.000000 3.477328 1.838565 0.532686 0.755359 0.127330 0.315085
1600.000000 3.482862 1.843415 0.530784 0.754811 0.126981 0.314330
1610.000000 3.487622 1.847951 0.528887 0.754309 0.126681 0.313629
1620.000000 3.491889 1.852425 0.527000 0.753885 0.126512 0.313004
1630.000000 3.495660 1.856853 0.525125 0.753402 0.126308 0.312397
1640.000000 3.500132 1.860630 0.523258 0.752844 0.126048 0.311795
1650.000000 3.505819 1.865911 0.521402 0.752198 0.125767 0.311095
1660.000000 3.512012 1.871645 0.519557 0.751656 0.125438 0.310290
1670.000000 3.516353 1.875272 0.517716 0.751233 0.125204 0.309735
1680.000000 3.520886 1.878948 0.515884 0.750767 0.124912 0.309143
1690.000000 3.526311 1.883905 0.514059 0.750185 0.124648 0.308525
1700.000000 3.531042 1.887712 0.512242 0.749620 0.124410 0.307981
1710.000000 3.536428 1.892039 0.510434 0.748972 0.124134 0.307336
1720.000000 3.542167 1.896607 0.508636 0.748312 0.123825 0.306704
1730.000000 3.546118 1.900694 0.506847 0.747800 0.123542 0.306077
1740.000000 3.551187 1.905425 0.505065 0.747327 0.123234 0.305418
1750.000000 3.556711 1.909630 0.503292 0.746629 0.122979 0.304857
1760.000000 3.562423 1.914303 0.501524 0.745966 0.122649 0.304220
1770.000000 3.566664 1.918279 0.499765 0.745318 0.122334 0.303581
1780.000000 3.570301 1.921973 0.498015 0.744708 0.122104 0.303011
1790.000000 3.574211 1.926134 0.496273 0.744079 0.121869 0.302466
1800.000000 3.578319 1.929934 0.494539 0.743539 0.121554 0.301915
1810.000000 3.582384 1.934218 0.492814 0.742976 0.121278 0.301351
1820.000000 3.588459 1.939194 0.491095 0.742302 0.120968 0.300741
1830.000000 3.593213 1.943124 0.489382 0.741632 0.120687 0.300149
1840.000000 3.597925 1.947341 0.487677 0.741028 0.120399 0.299600
1850.000000 3.602303 1.951731 0.485977 0.740518 0.120169 0.298958
1860.000000 3.606472 1.955835 0.484282 0.740134 0.119956 0.298410
1870.000000 3.611336 1.959792 0.482595 0.739683 0.119700 0.297941
1880.000000 3.616486 1.964525 0.480913 0.739136 0.119461 0.297338
1890.000000 3.619769 1.968114 0.479240 0.738685 0.119269 0.296866
1900.000000 3.624975 1.972714 0.477576 0.738142 0.119021 0.296255
1910.000000 3.629256 1.976751 0.475920 0.737692 0.118788 0.295783
1920.000000 3.633752 1.980907 0.474271 0.737269 0.118555 0.295253
1930.000000 3.639070 1.985332 0.472629 0.736734 0.118294 0.294736
1940.000000 3.643538 1.989154 0.470994 0.736165 0.118038 0.294196
1950.000000 3.648004 1.993005 0.469365 0.735658 0.117792 0.293680
1960.000000 3.652460 1.997982 0.467743 0.735143 0.117569 0.293058
1970.000000 3.655562 2.002094 0.466126 0.734767 0.117418 0.292598
1980.000000 3.659232 2.006211 0.464515 0.734362 0.117250 0.292095
1990.000000 3.662529 2.010104 0.462910 0.734071 0.117101 0.291612
2000.000000 3.666642 2.014041 0.461312 0.733499 0.116923 0.291119
2010.000000 3.670565 2.017919 0.459718 0.733067 0.116754 0.290641
2020.000000 3.673922 2.021968 0.458129 0.732596 0.116575 0.290143
2030.000000 3.677560 2.025636 0.456550 0.732192 0.116393 0.289716
2040.000000 3.682191 2.030782 0.454976 0.731747 0.116170 0.289094
2050.000000 3.687068 2.035154 0.453406 0.731322 0.115972 0.288611
2060.000000 3.692160 2.040573 0.451843 0.730902 0.115781 0.288027
2070.000000 3.696862 2.044976 0.450286 0.730442 0.115622 0.287517
2080.000000 3.701132 2.049233 0.448735 0.730077 0.115448 0.287032
2090.000000 3.704885 2.053437 0.447191 0.729815 0.115266 0.286514
2100.000000 3.709673 2.058310 0.445649 0.729539 0.115071 0.285975
2110.000000 3.714194 2.063450 0.444115 0.729148 0.114895 0.285379
2120.000000 3.718452 2.068117 0.442587 0.728668 0.114689 0.284860
2130.000000 3.722523 2.072398 0.441068 0.728297 0.114516 0.284376
2140.000000 3.725725 2.076413 0.439553 0.728082 0.114378 0.283964
2150.000000 3.729896 2.080930 0.438041 0.727810 0.114196 0.283441
2160.000000 3.733779 2.084988 0.436533 0.727439 0.114009 0.282938
2170.000000 3.737721 2.089344 0.435029 0.727000 0.113848 0.282446
2180.000000 3.741317 2.093996 0.433534 0.726595 0.113656 0.281938
2190.000000 3.744512 2.098387 0.432046 0.726275 0.113524 0.281430
2200.000000 3.746411 2.102299 0.430564 0.725947 0.113406 0.280976
2210.000000 3.748867 2.106465 0.429087 0.725719 0.113320 0.280542
2220.000000 3.751685 2.110341 0.427616 0.725416 0.113175 0.280060
2230.000000 3.755005 2.114764 0.426151 0.725025 0.113018 0.279547
2240.000000 3.758902 2.119036 0.424692 0.724682 0.112872 0.279090
2250.000000 3.762418 2.123522 0.423237 0.724261 0.112705 0.278653
2260.000000 3.764805 2.127768 0.421788 0.724084 0.112588 0.278217
2270.000000 3.767527 2.131464 0.420344 0.723740 0.112454 0.277768
2280.000000 3.770853 2.135874 0.418905 0.723321 0.112330 0.277340
2290.000000 3.774238 2.140115 0.417472 0.722810 0.112217 0.276877
2300.000000 3.778231 2.144355 0.416047 0.722512 0.112038 0.276420
2310.000000 3.781352 2.148326 0.414627 0.722244 0.111929 0.276005
2320.000000 3.784208 2.152083 0.413216 0.721922 0.111784 0.275576
2330.000000 3.785674 2.155146 0.411811 0.721564 0.111726 0.275225
2340.000000 3.787465 2.158279 0.410411 0.721160 0.111672 0.274884
2350.000000 3.790592 2.163181 0.409016 0.720805 0.111552 0.274390
2360.000000 3.793117 2.166541 0.407624 0.720553 0.111506 0.274044
2370.000000 3.796402 2.171157 0.406238 0.720241 0.111409 0.273634
2380.000000 3.800210 2.175804 0.404857 0.719937 0.111292 0.273202
2390.000000 3.804068 2.180071 0.403483 0.719575 0.111180 0.272859
2400.000000 3.808735 2.185064 0.402115 0.719128 0.111019 0.272396
2410.000000 3.814101 2.190538 0.400754 0.718855 0.110869 0.271842
2420.000000 3.817007 2.194472 0.399396 0.718531 0.110727 0.271432
2430.000000 3.820228 2.198647 0.398043 0.718133 0.110593 0.271029
2440.000000 3.823639 2.203004 0.396696 0.717719 0.110534 0.270701
2450.000000 3.828029 2.208194 0.395356 0.717382 0.110418 0.270206
2460.000000 3.831494 2.212030 0.394022 0.716988 0.110304 0.269895
2470.000000 3.835034 2.216412 0.392693 0.716602 0.110181 0.269502
2480.000000 3.837765 2.220140 0.391373 0.716223 0.110073 0.269151
2490.000000 3.841438 2.224281 0.390057 0.715828 0.109953 0.268764
2500.000000 3.844370 2.227967 0.388749 0.715435 0.109799 0.268352
2510.000000 3.849843 2.233166 0.387448 0.714873 0.109605 0.267866
2520.000000 3.854278 2.237297 0.386154 0.714304 0.109441 0.267467
2530.000000 3.858586 2.241411 0.384862 0.713857 0.109257 0.267068
2540.000000 3.861727 2.244653 0.383575 0.713438 0.109143 0.266748
2550.000000 3.865010 2.248670 0.382293 0.712978 0.109017 0.266385
2560.000000 3.868218 2.252710 0.381015 0.712420 0.108911 0.266007
2570.000000 3.871700 2.256820 0.379743 0.711777 0.108760 0.265581
2580.000000 3.875112 2.261054 0.378475 0.711210 0.108615 0.265216
2590.000000 3.877650 2.264124 0.377212 0.710722 0.108503 0.264876
2600.000000 3.879754 2.267609 0.375954 0.710262 0.108372 0.264526
2610.000000 3.882798 2.271558 0.374699 0.709840 0.108239 0.264122
2620.000000 3.887074 2.275637 0.373450 0.709210 0.108054 0.263769
2630.000000 3.890058 2.278349 0.372204 0.708672 0.107904 0.263472
2640.000000 3.894492 2.282864 0.370960 0.707943 0.107737 0.263046
2650.000000 3.897619 2.286443 0.369721 0.707334 0.107614 0.262700
2660.000000 3.900356 2.289973 0.368489 0.706847 0.107491 0.262351
2670.000000 3.903508 2.293670 0.367262 0.706412 0.107385 0.262024
2680.000000 3.907474 2.297715 0.366040 0.705739 0.107225 0.261646
2690.000000 3.911897 2.301480 0.364822 0.705060 0.107074 0.261307
2700.000000 3.916477 2.305893 0.363611 0.704562 0.106959 0.260912
2710.000000 3.920214 2.309453 0.362404 0.704161 0.106838 0.260594
2720.000000 3.924781 2.313299 0.361202 0.703678 0.106671 0.260256
2730.000000 3.930219 2.317124 0.360005 0.703207 0.106539 0.259934
2740.000000 3.935620 2.321413 0.358814 0.702641 0.106337 0.259498
2750.000000 3.939380 2.325159 0.357630 0.702157 0.106222 0.259148
2760.000000 3.944223 2.329295 0.356451 0.701766 0.106042 0.258791
2770.000000 3.949129 2.333419 0.355276 0.701326 0.105858 0.258434
2780.000000 3.953894 2.337307 0.354105 0.700829 0.105687 0.258098
2790.000000 3.958346 2.341846 0.352939 0.700295 0.105556 0.257739
2800.000000 3.963017 2.345937 0.351777 0.699911 0.105425 0.257415
2810.000000 3.968500 2.350163 0.350620 0.699369 0.105243 0.257056
2820.000000 3.974003 2.354970 0.349467 0.698885 0.105066 0.256654
2830.000000 3.977973 2.359404 0.348317 0.698394 0.104876 0.256295
2840.000000 3.981968 2.363490 0.347172 0.698052 0.104705 0.255952
2850.000000 3.986336 2.367119 0.346035 0.697690 0.104587 0.255709
2860.000000 3.990833 2.371619 0.344901 0.697237 0.104419 0.255378
2870.000000 3.994552 2.374906 0.343772 0.696709 0.104283 0.255103
2880.000000 3.999252 2.379386 0.342647 0.696285 0.104123 0.254777
2890.000000 4.004747 2.384262 0.341527 0.695916 0.103949 0.254353
2900.000000 4.010073 2.388566 0.340410 0.695524 0.103809 0.254023
2910.000000 4.014343 2.392109 0.339296 0.695196 0.103613 0.253735
2920.000000 4.018504 2.395599 0.338187 0.694730 0.103465 0.253431
2930.000000 4.022400 2.399291 0.337082 0.694380 0.103354 0.253164
2940.000000 4.027021 2.403219 0.335980 0.694017 0.103197 0.252831
2950.000000 4.030647 2.406926 0.334880 0.693614 0.103059 0.252518
2960.000000 4.033452 2.410178 0.333785 0.693214 0.102935 0.252221
2970.000000 4.035454 2.412917 0.332692 0.692790 0.102840 0.251984
2980.000000 4.040222 2.417489 0.331604 0.692268 0.102661 0.251610
2990.000000 4.044769 2.421319 0.330522 0.691760 0.102537 0.251309
3000.000000 4.048646 2.425388 0.329442 0.691379 0.102414 0.250983
3010.000000 4.052004 2.429072 0.328366 0.690949 0.102310 0.250746
3020.000000 4.055244 2.432855 0.327293 0.690525 0.102214 0.250438
3030.000000 4.058550 2.437040 0.326224 0.689970 0.102127 0.250126
3040.000000 4.062850 2.441807 0.325161 0.689335 0.102013 0.249780
3050.000000 4.067693 2.445701 0.324100 0.688683 0.101864 0.249497
3060.000000 4.071230 2.448601 0.323041 0.688150 0.101764 0.249288
3070.000000 4.074586 2.452530 0.321985 0.687793 0.101636 0.248927
3080.000000 4.077080 2.455858 0.320934 0.687475 0.101539 0.248658
3090.000000 4.080211 2.458866 0.319888 0.686910 0.101401 0.248417
3100.000000 4.085316 2.463173 0.318846 0.686282 0.101298 0.248089
3110.000000 4.089164 2.466978 0.317806 0.685707 0.101179 0.247788
3120.000000 4.091382 2.469337 0.316772 0.685335 0.101105 0.247568
3130.000000 4.093472 2.472639 0.315743 0.685081 0.101053 0.247321
3140.000000 4.096100 2.475245 0.314720 0.684726 0.100999 0.247069
3150.000000 4.100333 2.479410 0.313698 0.684131 0.100886 0.246782
3160.000000 4.103514 2.482554 0.312682 0.683548 0.100781 0.246517
3170.000000 4.107565 2.486678 0.311671 0.683095 0.100658 0.246202
3180.000000 4.111604 2.491379 0.310663 0.682834 0.100573 0.245896
3190.000000 4.115684 2.496096 0.309657 0.682443 0.100453 0.245589
3200.000000 4.118359 2.498787 0.308658 0.682010 0.100360 0.245374
3210.000000 4.122921 2.503570 0.307663 0.681539 0.100200 0.245045
3220.000000 4.127286 2.507161 0.306672 0.681068 0.100124 0.244809
3230.000000 4.131549 2.510564 0.305685 0.680667 0.100011 0.244556
3240.000000 4.135415 2.514332 0.304703 0.680324 0.099912 0.244270
3250.000000 4.139424 2.518692 0.303727 0.679881 0.099804 0.243980
3260.000000 4.142565 2.522007 0.302754 0.679358 0.099711 0.243724
3270.000000 4.147475 2.525830 0.301783 0.678733 0.099573 0.243463
3280.000000 4.150572 2.528795 0.300817 0.678227 0.099509 0.243226
3290.000000 4.154357 2.532079 0.299852 0.677795 0.099410 0.242938
3300.000000 4.158630 2.535772 0.298892 0.677429 0.099311 0.242687
3310.000000 4.162393 2.539239 0.297937 0.676993 0.099204 0.242424
3320.000000 4.167680 2.543223 0.296986 0.676443 0.099075 0.242167
3330.000000 4.171048 2.546584 0.296039 0.676035 0.099024 0.241933
3340.000000 4.174339 2.549891 0.295095 0.675633 0.098946 0.241693
3350.000000 4.176942 2.552460 0.294153 0.675239 0.098852 0.241454
3360.000000 4.178581 2.554419 0.293215 0.674999 0.098808 0.241261
3370.000000 4.181753 2.557617 0.292284 0.674748 0.098725 0.241002
3380.000000 4.184311 2.560448 0.291355 0.674329 0.098632 0.240806
3390.000000 4.185687 2.561729 0.290430 0.673929 0.098566 0.240652
3400.000000 4.189106 2.565438 0.289507 0.673673 0.098460 0.240392
3410.000000 4.191777 2.568215 0.288589 0.673529 0.098383 0.240159
3420.000000 4.195019 2.571853 0.287673 0.673371 0.098316 0.239930
3430.000000 4.198302 2.575722 0.286761 0.673159 0.098258 0.239682
3440.000000 4.201004 2.578427 0.285852 0.672790 0.098200 0.239502
3450.000000 4.203293 2.581098 0.284947 0.672336 0.098111 0.239262
3460.000000 4.205464 2.583765 0.284045 0.671926 0.098031 0.239045
3470.000000 4.207976 2.586912 0.283147 0.671544 0.097997 0.238827
3480.000000 4.210646 2.590824 0.282254 0.671228 0.097911 0.238543
3490.000000 4.213313 2.594607 0.281364 0.670863 0.097828 0.238312
3500.000000 4.216691 2.598178 0.280479 0.670300 0.097742 0.238055
3510.000000 4.219488 2.600649 0.279594 0.669893 0.097661 0.237855
3520.000000 4.222488 2.604513 0.278713 0.669582 0.097613 0.237644
3530.000000 4.223942 2.607340 0.277834 0.669335 0.097539 0.237455
3540.000000 4.227971 2.611321 0.276958 0.668976 0.097439 0.237178
3550.000000 4.231527 2.614824 0.276083 0.668434 0.097341 0.236911
3560.000000 4.234823 2.617710 0.275213 0.667932 0.097244 0.236721
3570.000000 4.238135 2.619972 0.274345 0.667476 0.097151 0.236545
3580.000000 4.243041 2.623847 0.273479 0.666921 0.097016 0.236289
3590.000000 4.247725 2.627600 0.272616 0.666380 0.096871 0.236001
3600.000000 4.251291 2.629794 0.271755 0.665893 0.096769 0.235847
3610.000000 4.255998 2.633362 0.270899 0.665307 0.096637 0.235633
3620.000000 4.260322 2.637262 0.270046 0.664819 0.096552 0.235391
3630.000000 4.264673 2.640496 0.269197 0.664287 0.096468 0.235222
3640.000000 4.268461 2.645723 0.268354 0.663887 0.096362 0.234879
3650.000000 4.272485 2.650007 0.267514 0.663535 0.096296 0.234697
3660.000000 4.276687 2.653843 0.266676 0.663020 0.096186 0.234464
3670.000000 4.279669 2.656829 0.265843 0.662627 0.096113 0.234319
3680.000000 4.282827 2.659873 0.265012 0.662281 0.096020 0.234147
3690.000000 4.286518 2.663271 0.264185 0.661919 0.095936 0.233920
3700.000000 4.288528 2.665619 0.263361 0.661620 0.095870 0.233748
3710.000000 4.290347 2.667829 0.262541 0.661238 0.095828 0.233651
3720.000000 4.293559 2.671622 0.261722 0.660809 0.095729 0.233416
3730.000000 4.296495 2.675493 0.260910 0.660442 0.095684 0.233244
3740.000000 4.300276 2.679494 0.260098 0.660024 0.095621 0.233055
3750.000000 4.303703 2.683164 0.259288 0.659626 0.095554 0.232869
3760.000000 4.306916 2.686341 0.258481 0.659211 0.095467 0.232674
3770.000000 4.310555 2.690447 0.257676 0.658752 0.095390 0.232450
3780.000000 4.313821 2.694690 0.256874 0.658348 0.095298 0.232229
3790.000000 4.317114 2.698494 0.256076 0.657928 0.095257 0.232044
3800.000000 4.320416 2.701641 0.255281 0.657653 0.095184 0.231860
3810.000000 4.326066 2.706848 0.254487 0.657187 0.095102 0.231605
3820.000000 4.329927 2.709282 0.253696 0.656668 0.095034 0.231454
3830.000000 4.334139 2.713595 0.252908 0.656298 0.094981 0.231257
3840.000000 4.338230 2.717246 0.252124 0.656048 0.094900 0.231066
3850.000000 4.342233 2.721758 0.251342 0.655803 0.094823 0.230845
3860.000000 4.347356 2.726804 0.250562 0.655424 0.094728 0.230597
3870.000000 4.353029 2.732759 0.249784 0.655060 0.094618 0.230315
3880.000000 4.357500 2.736932 0.249008 0.654725 0.094520 0.230117
3890.000000 4.361738 2.740689 0.248237 0.654467 0.094453 0.229957
3900.000000 4.366070 2.745144 0.247470 0.654299 0.094383 0.229752
3910.000000 4.368702 2.748476 0.246702 0.654020 0.094342 0.229625
3920.000000 4.372230 2.752190 0.245938 0.653640 0.094300 0.229491
3930.000000 4.377150 2.757285 0.245177 0.653256 0.094237 0.229236
3940.000000 4.381124 2.761246 0.244418 0.652913 0.094167 0.229082
3950.000000 4.384621 2.764555 0.243665 0.652593 0.094133 0.228947
3960.000000 4.388727 2.768182 0.242914 0.652251 0.094058 0.228749
3970.000000 4.391660 2.770413 0.242164 0.651856 0.094039 0.228642
3980.000000 4.395597 2.774281 0.241418 0.651464 0.093938 0.228443
3990.000000 4.400088 2.778279 0.240675 0.650971 0.093882 0.228260
4000.000000 4.404241 2.782465 0.239935 0.650576 0.093839 0.228093
4010.000000 4.408384 2.785877 0.239198 0.650183 0.093775 0.227966
4020.000000 4.413267 2.790051 0.238464 0.649796 0.093705 0.227775
4030.000000 4.416397 2.793924 0.237732 0.649375 0.093652 0.227584
4040.000000 4.420502 2.798258 0.237003 0.648975 0.093596 0.227378
4050.000000 4.422811 2.800964 0.236280 0.648568 0.093568 0.227246
4060.000000 4.426374 2.804152 0.235559 0.648111 0.093494 0.227089
4070.000000 4.430503 2.808697 0.234840 0.647691 0.093429 0.226864
4080.000000 4.434313 2.813405 0.234123 0.647277 0.093355 0.226674
4090.000000 4.437901 2.816886 0.233406 0.646912 0.093268 0.226499
4100.000000 4.440208 2.819449 0.232690 0.646432 0.093206 0.226395
4110.000000 4.443909 2.823569 0.231978 0.645824 0.093127 0.226222
4120.000000 4.447863 2.828285 0.231269 0.645347 0.093032 0.226014
4130.000000 4.452363 2.833276 0.230561 0.644996 0.092954 0.225804
4140.000000 4.457226 2.838325 0.229855 0.644683 0.092893 0.225581
4150.000000 4.461398 2.843222 0.229153 0.644320 0.092844 0.225391
4160.000000 4.462731 2.845830 0.228454 0.643881 0.092817 0.225289
4170.000000 4.465874 2.850135 0.227756 0.643512 0.092770 0.225127
4180.000000 4.468330 2.852922 0.227061 0.643059 0.092749 0.225047
4190.000000 4.471494 2.857822 0.226367 0.642765 0.092687 0.224825
4200.000000 4.474464 2.861796 0.225676 0.642351 0.092643 0.224664
4210.000000 4.478101 2.865013 0.224988 0.642018 0.092572 0.224542
4220.000000 4.481588 2.868651 0.224302 0.641622 0.092525 0.224384
4230.000000 4.486035 2.873555 0.223618 0.641281 0.092477 0.224194
4240.000000 4.490442 2.877012 0.222936 0.640921 0.092419 0.224043
4250.000000 4.494527 2.880928 0.222258 0.640624 0.092375 0.223875
4260.000000 4.498836 2.885071 0.221584 0.640299 0.092313 0.223716
4270.000000 4.502857 2.889328 0.220913 0.639779 0.092221 0.223524
4280.000000 4.505663 2.892036 0.220244 0.639359 0.092189 0.223438
4290.000000 4.510370 2.895609 0.219576 0.639010 0.092121 0.223287
4300.000000 4.514858 2.899019 0.218910 0.638612 0.092045 0.223159
4310.000000 4.521205 2.903502 0.218247 0.638221 0.091950 0.222988
4320.000000 4.525622 2.907710 0.217585 0.637781 0.091869 0.222805
4330.000000 4.528933 2.911916 0.216925 0.637335 0.091804 0.222668
4340.000000 4.533075 2.916886 0.216268 0.637016 0.091730 0.222458
4350.000000 4.536791 2.920369 0.215615 0.636599 0.091675 0.222349
4360.000000 4.541390 2.924815 0.214964 0.636196 0.091585 0.222140
4370.000000 4.545275 2.928367 0.214314 0.635817 0.091529 0.222019
4380.000000 4.549646 2.931421 0.213667 0.635517 0.091429 0.221863
4390.000000 4.554379 2.935693 0.213022 0.635103 0.091335 0.221717
4400.000000 4.558456 2.939948 0.212382 0.634699 0.091258 0.221523
4410.000000 4.561169 2.943060 0.211744 0.634353 0.091248 0.221421
4420.000000 4.564208 2.945234 0.211108 0.633942 0.091189 0.221309
4430.000000 4.568636 2.949198 0.210475 0.633460 0.091107 0.221151
4440.000000 4.572655 2.953189 0.209845 0.632926 0.091029 0.220978
4450.000000 4.575254 2.956528 0.209217 0.632354 0.090968 0.220836
4460.000000 4.578634 2.960033 0.208591 0.631977 0.090918 0.220676
4470.000000 4.582379 2.963629 0.207968 0.631557 0.090829 0.220528
4480.000000 4.586316 2.966984 0.207346 0.631215 0.090762 0.220381
4490.000000 4.590009 2.969838 0.206726 0.630839 0.090702 0.220256
4500.000000 4.592360 2.972466 0.206108 0.630465 0.090686 0.220133
4510.000000 4.596070 2.975981 0.205491 0.630036 0.090625 0.220002
4520.000000 4.600255 2.979326 0.204876 0.629660 0.090577 0.219867
4530.000000 4.604442 2.983043 0.204263 0.629206 0.090530 0.219725
4540.000000 4.607745 2.986523 0.203652 0.628842 0.090474 0.219563
4550.000000 4.612427 2.990267 0.203041 0.628522 0.090435 0.219430
4560.000000 4.614834 2.992632 0.202433 0.628200 0.090400 0.219354
4570.000000 4.619226 2.997089 0.201826 0.627867 0.090345 0.219188
4580.000000 4.622586 3.000507 0.201224 0.627655 0.090282 0.219031
4590.000000 4.626444 3.003384 0.200624 0.627231 0.090215 0.218906
4600.000000 4.630640 3.005758 0.200026 0.626798 0.090145 0.218820
4610.000000 4.633042 3.008697 0.199430 0.626363 0.090097 0.218668
4620.000000 4.635921 3.012016 0.198835 0.626020 0.090031 0.218521
4630.000000 4.640584 3.016968 0.198244 0.625705 0.089950 0.218347
4640.000000 4.643558 3.019414 0.197653 0.625262 0.089941 0.218299
4650.000000 4.648115 3.024095 0.197065 0.624687 0.089890 0.218147
4660.000000 4.651465 3.027627 0.196479 0.624163 0.089869 0.218030
4670.000000 4.655512 3.031226 0.195894 0.623799 0.089804 0.217878
4680.000000 4.659076 3.035148 0.195310 0.623484 0.089735 0.217744
4690.000000 4.664004 3.039423 0.194727 0.623037 0.089691 0.217658
4700.000000 4.667037 3.042834 0.194144 0.622548 0.089634 0.217529
4710.000000 4.671529 3.047156 0.193561 0.622033 0.089582 0.217392
4720.000000 4.675545 3.051107 0.192981 0.621460 0.089545 0.217279
4730.000000 4.678625 3.054489 0.192402 0.621020 0.089504 0.217138
4740.000000 4.681575 3.059142 0.191825 0.620627 0.089446 0.217004
4750.000000 4.684843 3.062652 0.191249 0.620172 0.089392 0.216844
4760.000000 4.689167 3.067569 0.190673 0.619518 0.089311 0.216689
4770.000000 4.692420 3.070657 0.190098 0.618880 0.089260 0.216575
4780.000000 4.695494 3.074570 0.189525 0.618359 0.089237 0.216476
4790.000000 4.698137 3.077608 0.188954 0.617778 0.089213 0.216401
4800.000000 4.703072 3.082136 0.188385 0.617244 0.089150 0.216271
4810.000000 4.706545 3.085955 0.187816 0.616841 0.089113 0.216155
4820.000000 4.712228 3.090956 0.187251 0.616371 0.089048 0.215997
4830.000000 4.716376 3.094641 0.186687 0.615940 0.088975 0.215875
4840.000000 4.720514 3.098494 0.186125 0.615515 0.088911 0.215755
4850.000000 4.724363 3.104726 0.185563 0.615117 0.088849 0.215546
4860.000000 4.727254 3.108458 0.185004 0.614779 0.088818 0.215433
4870.000000 4.730194 3.112839 0.184445 0.614353 0.088775 0.215304
4880.000000 4.733106 3.116463 0.183889 0.613767 0.088739 0.215208
4890.000000 4.736276 3.120644 0.183335 0.613317 0.088694 0.215089
4900.000000 4.738401 3.124309 0.182783 0.612896 0.088655 0.214948
4910.000000 4.741758 3.129296 0.182231 0.612471 0.088612 0.214780
4920.000000 4.746432 3.134474 0.181683 0.612064 0.088550 0.214593
4930.000000 4.748454 3.137785 0.181137 0.611613 0.088523 0.214477
4940.000000 4.751594 3.141062 0.180592 0.611215 0.088498 0.214366
4950.000000 4.755330 3.143589 0.180049 0.610827 0.088462 0.214276
4960.000000 4.760118 3.148633 0.179509 0.610422 0.088432 0.214123
4970.000000 4.762042 3.150587 0.178969 0.610017 0.088391 0.214055
4980.000000 4.767349 3.156759 0.178431 0.609692 0.088322 0.213867
4990.000000 4.770654 3.160462 0.177895 0.609293 0.088266 0.213770
5000.000000 4.773731 3.163983 0.177360 0.608855 0.088244 0.213681
