#-t-MSD-MSDCR-survive-Fkv-Fkvv-FkvvCR
10.000000 0.621680 0.578032 0.982757 0.935676 0.658790 0.658761
20.000000 0.909087 0.799105 0.971433 0.903899 0.545928 0.569356
30.000000 1.118543 0.931888 0.961066 0.879647 0.476331 0.521785
40.000000 1.287500 1.031067 0.951139 0.859792 0.427335 0.489421
50.000000 1.431782 1.112546 0.941510 0.842974 0.390011 0.464714
60.000000 1.565510 1.182777 0.932111 0.826513 0.358959 0.444839
70.000000 1.686610 1.245714 0.922894 0.811496 0.333272 0.427992
80.000000 1.799431 1.304606 0.913843 0.797527 0.311365 0.413139
90.000000 1.906156 1.359883 0.904943 0.784275 0.292317 0.399822
100.000000 2.004131 1.411929 0.896187 0.772321 0.275955 0.387789
110.000000 2.094963 1.461838 0.887552 0.761665 0.261956 0.376861
120.000000 2.183283 1.508841 0.879045 0.751124 0.249215 0.367038
130.000000 2.271269 1.554087 0.870655 0.740217 0.237307 0.357942
140.000000 2.356744 1.599049 0.862383 0.729807 0.226484 0.349249
150.000000 2.436817 1.643173 0.854210 0.720623 0.216936 0.341118
160.000000 2.512002 1.685158 0.846147 0.712290 0.208462 0.333603
170.000000 2.587281 1.726930 0.838192 0.703740 0.200440 0.326363
180.000000 2.660907 1.767221 0.830329 0.695214 0.192934 0.319627
190.000000 2.735226 1.808474 0.822569 0.686733 0.185792 0.313023
200.000000 2.805555 1.848213 0.814910 0.678669 0.179430 0.306860
210.000000 2.874435 1.887513 0.807352 0.671272 0.173512 0.301084
220.000000 2.940708 1.926121 0.799883 0.664101 0.168186 0.295546
230.000000 3.005490 1.964759 0.792510 0.657270 0.163138 0.290099
240.000000 3.069851 2.002364 0.785236 0.650099 0.158369 0.285059
250.000000 3.133671 2.039829 0.778046 0.643057 0.153926 0.280172
260.000000 3.196881 2.076998 0.770943 0.636335 0.149568 0.275352
270.000000 3.257023 2.114023 0.763920 0.630140 0.145670 0.270783
280.000000 3.316870 2.150890 0.756987 0.624037 0.142066 0.266392
290.000000 3.375954 2.187483 0.750133 0.617762 0.138507 0.262187
300.000000 3.434877 2.223226 0.743368 0.611790 0.135135 0.258153
310.000000 3.492434 2.258612 0.736675 0.605998 0.131949 0.254195
320.000000 3.548630 2.294111 0.730049 0.600392 0.128993 0.250509
330.000000 3.603891 2.329244 0.723501 0.594476 0.126115 0.246791
340.000000 3.658826 2.364588 0.717024 0.588966 0.123443 0.243243
350.000000 3.714990 2.399880 0.710619 0.583418 0.120778 0.239805
360.000000 3.769850 2.434143 0.704284 0.578281 0.118244 0.236542
370.000000 3.823756 2.467450 0.698011 0.573014 0.115917 0.233444
380.000000 3.877585 2.502345 0.691805 0.567938 0.113623 0.230285
390.000000 3.930672 2.536643 0.685665 0.563352 0.111445 0.227296
400.000000 3.984753 2.571240 0.679596 0.558373 0.109342 0.224333
410.000000 4.037228 2.605131 0.673595 0.553730 0.107320 0.221508
420.000000 4.089531 2.638820 0.667657 0.548897 0.105356 0.218802
430.000000 4.140473 2.672648 0.661777 0.544417 0.103479 0.216045
440.000000 4.191797 2.706173 0.655963 0.539525 0.101696 0.213441
450.000000 4.242791 2.739401 0.650209 0.534720 0.099928 0.210882
460.000000 4.293821 2.772804 0.644503 0.530159 0.098248 0.208384
470.000000 4.343903 2.805142 0.638859 0.525719 0.096588 0.206018
480.000000 4.392286 2.836862 0.633274 0.521542 0.095015 0.203718
490.000000 4.440300 2.868776 0.627754 0.517443 0.093524 0.201440
500.000000 4.488870 2.901212 0.622294 0.513634 0.092114 0.199226
510.000000 4.537723 2.933495 0.616889 0.509703 0.090737 0.197094
520.000000 4.586169 2.966078 0.611542 0.505739 0.089402 0.195002
530.000000 4.634394 2.999167 0.606258 0.501993 0.088065 0.192916
540.000000 4.681578 3.030767 0.601029 0.498240 0.086784 0.190952
550.000000 4.728217 3.062747 0.595858 0.494372 0.085565 0.188996
560.000000 4.774544 3.094618 0.590749 0.490640 0.084350 0.187102
570.000000 4.821877 3.127708 0.585686 0.486919 0.083222 0.185200
580.000000 4.867665 3.158847 0.580673 0.483363 0.082117 0.183414
590.000000 4.913652 3.191028 0.575714 0.480074 0.081078 0.181750
600.000000 4.959233 3.222350 0.570806 0.476542 0.080081 0.180025
610.000000 5.003628 3.253859 0.565951 0.473202 0.079136 0.178365
620.000000 5.047192 3.284299 0.561156 0.470108 0.078257 0.176759
630.000000 5.091960 3.315715 0.556409 0.466815 0.077348 0.175168
640.000000 5.135563 3.346479 0.551709 0.463544 0.076527 0.173692
650.000000 5.179341 3.377202 0.547054 0.460360 0.075701 0.172155
660.000000 5.222607 3.408947 0.542446 0.457232 0.074894 0.170667
670.000000 5.267625 3.440063 0.537880 0.454439 0.074058 0.169182
680.000000 5.312015 3.471703 0.533357 0.451628 0.073305 0.167759
690.000000 5.356218 3.503176 0.528872 0.448717 0.072589 0.166395
700.000000 5.400548 3.533739 0.524428 0.445712 0.071865 0.165058
710.000000 5.444791 3.565241 0.520022 0.442843 0.071100 0.163657
720.000000 5.489278 3.596833 0.515654 0.440124 0.070355 0.162309
730.000000 5.534117 3.628518 0.511324 0.437377 0.069620 0.160995
740.000000 5.579016 3.660011 0.507036 0.434628 0.068855 0.159699
750.000000 5.623724 3.691138 0.502792 0.431795 0.068190 0.158457
760.000000 5.666778 3.720767 0.498587 0.428948 0.067520 0.157171
770.000000 5.709957 3.750593 0.494423 0.426067 0.066895 0.155974
780.000000 5.752431 3.781716 0.490307 0.423358 0.066272 0.154686
790.000000 5.794481 3.811498 0.486225 0.420713 0.065679 0.153542
800.000000 5.837582 3.841836 0.482180 0.418164 0.065116 0.152509
810.000000 5.880661 3.872108 0.478172 0.415423 0.064523 0.151344
820.000000 5.923520 3.902618 0.474200 0.412714 0.063952 0.150233
830.000000 5.966367 3.933141 0.470265 0.410195 0.063429 0.149150
840.000000 6.007681 3.963829 0.466371 0.407812 0.062909 0.148059
850.000000 6.049647 3.993659 0.462516 0.405316 0.062401 0.147006
860.000000 6.090236 4.023337 0.458702 0.402808 0.061919 0.145982
870.000000 6.131119 4.053500 0.454922 0.400058 0.061502 0.145026
880.000000 6.171641 4.082702 0.451179 0.397733 0.061097 0.144152
890.000000 6.213736 4.113384 0.447473 0.395387 0.060592 0.143174
900.000000 6.255172 4.143087 0.443802 0.393324 0.060135 0.142239
910.000000 6.296183 4.173443 0.440162 0.390933 0.059676 0.141345
920.000000 6.337402 4.203770 0.436557 0.388635 0.059239 0.140417
930.000000 6.378471 4.233720 0.432982 0.386528 0.058840 0.139497
940.000000 6.419762 4.264561 0.429440 0.384197 0.058422 0.138558
950.000000 6.459584 4.294535 0.425928 0.382095 0.058028 0.137704
960.000000 6.499329 4.324068 0.422453 0.379897 0.057653 0.136881
970.000000 6.540420 4.354928 0.419012 0.378054 0.057265 0.135999
980.000000 6.581429 4.385503 0.415603 0.375874 0.056953 0.135150
990.000000 6.622147 4.415932 0.412232 0.373822 0.056603 0.134383
1000.000000 6.662350 4.445984 0.408890 0.371968 0.056259 0.133568
1010.000000 6.701874 4.475902 0.405575 0.370296 0.055914 0.132798
1020.000000 6.741771 4.506519 0.402290 0.368590 0.055575 0.132031
1030.000000 6.781371 4.535651 0.399034 0.366550 0.055288 0.131343
1040.000000 6.820840 4.566233 0.395807 0.364657 0.054960 0.130569
1050.000000 6.860382 4.596560 0.392615 0.362829 0.054675 0.129848
1060.000000 6.900231 4.627405 0.389446 0.361072 0.054379 0.129086
1070.000000 6.938717 4.658474 0.386301 0.359483 0.054133 0.128348
1080.000000 6.975886 4.688523 0.383187 0.357879 0.053897 0.127702
1090.000000 7.014567 4.720175 0.380104 0.356296 0.053652 0.126990
1100.000000 7.053994 4.751265 0.377050 0.354656 0.053388 0.126293
1110.000000 7.092392 4.781817 0.374026 0.352688 0.053111 0.125637
1120.000000 7.129768 4.811768 0.371023 0.350853 0.052881 0.125015
1130.000000 7.166455 4.841403 0.368050 0.349191 0.052619 0.124355
1140.000000 7.203941 4.870762 0.365102 0.347341 0.052347 0.123702
1150.000000 7.241603 4.900783 0.362181 0.345338 0.052087 0.123047
1160.000000 7.279439 4.931448 0.359284 0.343449 0.051849 0.122439
1170.000000 7.317679 4.962608 0.356415 0.341564 0.051623 0.121862
1180.000000 7.354728 4.992699 0.353572 0.339728 0.051371 0.121257
1190.000000 7.391564 5.022696 0.350755 0.338249 0.051161 0.120684
1200.000000 7.426361 5.050683 0.347966 0.336763 0.050960 0.120172
1210.000000 7.460563 5.079744 0.345199 0.335080 0.050782 0.119612
1220.000000 7.494723 5.107671 0.342455 0.333616 0.050616 0.119141
1230.000000 7.528939 5.136643 0.339739 0.332050 0.050444 0.118627
1240.000000 7.564423 5.166098 0.337045 0.330577 0.050263 0.118071
1250.000000 7.598707 5.195167 0.334376 0.329185 0.050079 0.117599
1260.000000 7.634542 5.225657 0.331731 0.327847 0.049894 0.117024
1270.000000 7.668136 5.254112 0.329108 0.326161 0.049734 0.116540
1280.000000 7.702386 5.282177 0.326502 0.324465 0.049540 0.116051
1290.000000 7.736970 5.311492 0.323917 0.322871 0.049338 0.115541
1300.000000 7.772366 5.341136 0.321355 0.321360 0.049138 0.115013
1310.000000 7.805850 5.368848 0.318820 0.319842 0.048938 0.114561
1320.000000 7.838575 5.397543 0.316309 0.318286 0.048758 0.114093
1330.000000 7.871770 5.426074 0.313816 0.316904 0.048589 0.113621
1340.000000 7.904567 5.454917 0.311349 0.315240 0.048440 0.113163
1350.000000 7.937736 5.483539 0.308903 0.313592 0.048299 0.112700
1360.000000 7.971327 5.511452 0.306474 0.312054 0.048115 0.112250
1370.000000 8.005759 5.541519 0.304063 0.310391 0.047965 0.111805
1380.000000 8.040409 5.570744 0.301675 0.308772 0.047795 0.111385
1390.000000 8.075336 5.599764 0.299309 0.307107 0.047631 0.110968
1400.000000 8.111142 5.630241 0.296965 0.305476 0.047449 0.110495
1410.000000 8.145837 5.659137 0.294643 0.303667 0.047281 0.110082
1420.000000 8.180373 5.688296 0.292340 0.302185 0.047137 0.109688
1430.000000 8.214494 5.717052 0.290055 0.300751 0.046975 0.109316
1440.000000 8.248855 5.746620 0.287792 0.299242 0.046863 0.108920
1450.000000 8.281081 5.774484 0.285549 0.297593 0.046746 0.108568
1460.000000 8.314408 5.802809 0.283324 0.296044 0.046614 0.108201
1470.000000 8.348219 5.831324 0.281120 0.294737 0.046464 0.107823
1480.000000 8.382862 5.859727 0.278932 0.293321 0.046331 0.107485
1490.000000 8.417630 5.889067 0.276760 0.291741 0.046190 0.107085
1500.000000 8.450309 5.916757 0.274603 0.290449 0.046050 0.106774
1510.000000 8.483378 5.944682 0.272466 0.288763 0.045919 0.106450
1520.000000 8.515732 5.971626 0.270345 0.287636 0.045803 0.106146
1530.000000 8.547399 5.997248 0.268239 0.286407 0.045684 0.105819
1540.000000 8.578645 6.024023 0.266150 0.284858 0.045563 0.105451
1550.000000 8.610954 6.050831 0.264079 0.283519 0.045422 0.105117
1560.000000 8.642686 6.076491 0.262027 0.281767 0.045299 0.104801
1570.000000 8.673618 6.102845 0.259992 0.280574 0.045187 0.104471
1580.000000 8.705938 6.130332 0.257975 0.279239 0.045076 0.104164
1590.000000 8.738622 6.157691 0.255977 0.278151 0.044948 0.103811
1600.000000 8.772295 6.184912 0.253997 0.276770 0.044836 0.103518
1610.000000 8.804815 6.210989 0.252035 0.275456 0.044724 0.103236
1620.000000 8.837848 6.237730 0.250091 0.274254 0.044617 0.102928
1630.000000 8.872766 6.266843 0.248165 0.272959 0.044454 0.102556
1640.000000 8.907293 6.294952 0.246251 0.271784 0.044345 0.102235
1650.000000 8.941194 6.323101 0.244356 0.270686 0.044256 0.101931
1660.000000 8.976125 6.352509 0.242481 0.269451 0.044144 0.101596
1670.000000 9.010302 6.379781 0.240622 0.268137 0.044029 0.101314
1680.000000 9.043660 6.406874 0.238779 0.267087 0.043922 0.101055
1690.000000 9.076950 6.434583 0.236956 0.265672 0.043819 0.100766
1700.000000 9.109145 6.461358 0.235149 0.264372 0.043692 0.100473
1710.000000 9.141699 6.488445 0.233359 0.262813 0.043585 0.100192
1720.000000 9.172955 6.514085 0.231584 0.261227 0.043469 0.099937
1730.000000 9.202450 6.539386 0.229823 0.259940 0.043382 0.099674
1740.000000 9.232663 6.564859 0.228077 0.258617 0.043273 0.099419
1750.000000 9.262284 6.588717 0.226347 0.257163 0.043165 0.099181
1760.000000 9.292280 6.613079 0.224631 0.255805 0.043075 0.098919
1770.000000 9.324229 6.639646 0.222932 0.254662 0.042982 0.098631
1780.000000 9.354608 6.666458 0.221245 0.253465 0.042889 0.098364
1790.000000 9.384868 6.692751 0.219573 0.251997 0.042782 0.098081
1800.000000 9.415085 6.718779 0.217917 0.250858 0.042708 0.097854
1810.000000 9.442544 6.742584 0.216281 0.249804 0.042631 0.097600
1820.000000 9.471666 6.766914 0.214656 0.248614 0.042554 0.097356
1830.000000 9.502004 6.792730 0.213044 0.247727 0.042461 0.097099
1840.000000 9.530029 6.816573 0.211444 0.246655 0.042384 0.096872
1850.000000 9.559294 6.841293 0.209857 0.245600 0.042309 0.096676
1860.000000 9.587783 6.865037 0.208285 0.244400 0.042230 0.096446
1870.000000 9.617191 6.889711 0.206726 0.243334 0.042149 0.096250
1880.000000 9.646234 6.914555 0.205181 0.242163 0.042055 0.095987
1890.000000 9.674601 6.938469 0.203650 0.240876 0.041979 0.095781
1900.000000 9.702605 6.963062 0.202133 0.239430 0.041876 0.095573
1910.000000 9.729092 6.986531 0.200627 0.238295 0.041789 0.095351
1920.000000 9.755997 7.011030 0.199133 0.237283 0.041722 0.095161
1930.000000 9.783853 7.036048 0.197653 0.236129 0.041639 0.094918
1940.000000 9.812144 7.060796 0.196188 0.235119 0.041562 0.094672
1950.000000 9.839553 7.083978 0.194735 0.234408 0.041494 0.094484
1960.000000 9.867551 7.106703 0.193293 0.233483 0.041428 0.094288
1970.000000 9.895244 7.130341 0.191863 0.233074 0.041372 0.094109
1980.000000 9.921358 7.152949 0.190444 0.232488 0.041326 0.093932
1990.000000 9.947013 7.176136 0.189037 0.232126 0.041267 0.093729
2000.000000 9.972792 7.197711 0.187646 0.231605 0.041190 0.093539
2010.000000 9.998885 7.219803 0.186263 0.230893 0.041131 0.093357
2020.000000 10.025588 7.243744 0.184889 0.229928 0.041042 0.093160
2030.000000 10.052482 7.268816 0.183525 0.229297 0.040970 0.092965
2040.000000 10.077030 7.292087 0.182170 0.228568 0.040901 0.092745
2050.000000 10.100500 7.312545 0.180827 0.227854 0.040851 0.092554
2060.000000 10.125827 7.335551 0.179493 0.227011 0.040801 0.092376
2070.000000 10.151270 7.358291 0.178168 0.226488 0.040741 0.092209
2080.000000 10.172849 7.378410 0.176849 0.225863 0.040711 0.092050
2090.000000 10.196914 7.400212 0.175539 0.225077 0.040653 0.091864
2100.000000 10.219304 7.420222 0.174243 0.224224 0.040604 0.091687
2110.000000 10.243045 7.442514 0.172958 0.223128 0.040550 0.091523
2120.000000 10.267801 7.466406 0.171685 0.222494 0.040516 0.091345
2130.000000 10.292371 7.489278 0.170425 0.221748 0.040490 0.091160
2140.000000 10.316634 7.511830 0.169175 0.221241 0.040468 0.091005
2150.000000 10.339961 7.534673 0.167933 0.220674 0.040424 0.090854
2160.000000 10.364056 7.557885 0.166705 0.219794 0.040375 0.090716
2170.000000 10.388737 7.581377 0.165489 0.219209 0.040322 0.090560
2180.000000 10.413340 7.603558 0.164284 0.218233 0.040268 0.090408
2190.000000 10.437113 7.625381 0.163087 0.217349 0.040240 0.090257
2200.000000 10.462078 7.649161 0.161900 0.216446 0.040187 0.090091
2210.000000 10.487593 7.671118 0.160724 0.215561 0.040137 0.089935
2220.000000 10.513541 7.693844 0.159558 0.214823 0.040104 0.089787
2230.000000 10.536550 7.714709 0.158401 0.213879 0.040064 0.089682
2240.000000 10.561173 7.738794 0.157252 0.212992 0.040037 0.089539
2250.000000 10.585069 7.759061 0.156115 0.212414 0.039987 0.089383
2260.000000 10.608715 7.780168 0.154986 0.211691 0.039945 0.089267
2270.000000 10.632099 7.802496 0.153864 0.210997 0.039900 0.089127
2280.000000 10.654513 7.824802 0.152755 0.210200 0.039853 0.088968
2290.000000 10.676939 7.845675 0.151659 0.209504 0.039791 0.088835
2300.000000 10.701406 7.868135 0.150568 0.208915 0.039747 0.088677
2310.000000 10.727320 7.890058 0.149488 0.208216 0.039712 0.088550
2320.000000 10.752532 7.910956 0.148416 0.208002 0.039673 0.088447
2330.000000 10.777425 7.934269 0.147353 0.207464 0.039626 0.088293
2340.000000 10.801682 7.955105 0.146295 0.206651 0.039598 0.088199
2350.000000 10.828486 7.979161 0.145246 0.205727 0.039575 0.088093
2360.000000 10.854825 8.001689 0.144203 0.205126 0.039531 0.087959
2370.000000 10.879760 8.023733 0.143170 0.204690 0.039503 0.087874
2380.000000 10.906384 8.046043 0.142148 0.203974 0.039458 0.087765
2390.000000 10.931786 8.068509 0.141133 0.203426 0.039427 0.087645
2400.000000 10.959725 8.092353 0.140125 0.202859 0.039379 0.087537
2410.000000 10.984528 8.114146 0.139127 0.202193 0.039356 0.087427
2420.000000 11.008235 8.135466 0.138141 0.201622 0.039338 0.087298
2430.000000 11.033209 8.158314 0.137167 0.201042 0.039303 0.087177
2440.000000 11.057032 8.179427 0.136202 0.200298 0.039281 0.087081
2450.000000 11.081158 8.200284 0.135246 0.199401 0.039249 0.086968
2460.000000 11.105645 8.222070 0.134298 0.198539 0.039201 0.086852
2470.000000 11.129024 8.242237 0.133357 0.197798 0.039175 0.086763
2480.000000 11.152991 8.262899 0.132425 0.197154 0.039135 0.086672
2490.000000 11.178889 8.286113 0.131499 0.196642 0.039083 0.086546
2500.000000 11.203479 8.308559 0.130584 0.195666 0.039030 0.086429
2510.000000 11.228578 8.330791 0.129673 0.194918 0.039006 0.086329
2520.000000 11.254155 8.353386 0.128770 0.194069 0.038976 0.086231
2530.000000 11.277051 8.373697 0.127875 0.193468 0.038957 0.086140
2540.000000 11.302033 8.396113 0.126984 0.192849 0.038918 0.086050
2550.000000 11.324733 8.418502 0.126098 0.192352 0.038890 0.085960
2560.000000 11.347410 8.439798 0.125222 0.191975 0.038873 0.085852
2570.000000 11.370597 8.461383 0.124350 0.191485 0.038861 0.085772
2580.000000 11.395450 8.483352 0.123485 0.191149 0.038829 0.085672
2590.000000 11.420166 8.506488 0.122627 0.190831 0.038823 0.085599
2600.000000 11.444970 8.528730 0.121775 0.190240 0.038809 0.085530
2610.000000 11.471935 8.555842 0.120930 0.189509 0.038775 0.085408
2620.000000 11.497731 8.580757 0.120091 0.188770 0.038761 0.085327
2630.000000 11.522138 8.603528 0.119256 0.188389 0.038743 0.085230
2640.000000 11.544136 8.623742 0.118430 0.187938 0.038718 0.085150
2650.000000 11.567539 8.644675 0.117609 0.187283 0.038694 0.085067
2660.000000 11.590285 8.664916 0.116792 0.186769 0.038667 0.084970
2670.000000 11.614316 8.686610 0.115982 0.186232 0.038644 0.084885
2680.000000 11.636564 8.706814 0.115179 0.185865 0.038620 0.084800
2690.000000 11.658792 8.727250 0.114381 0.185346 0.038595 0.084710
2700.000000 11.681541 8.747889 0.113588 0.184784 0.038578 0.084633
2710.000000 11.707044 8.770619 0.112801 0.184358 0.038557 0.084546
2720.000000 11.733427 8.796420 0.112020 0.183707 0.038528 0.084451
2730.000000 11.757113 8.819609 0.111243 0.183484 0.038507 0.084360
2740.000000 11.778893 8.839801 0.110472 0.183070 0.038484 0.084275
2750.000000 11.799305 8.860455 0.109707 0.182665 0.038453 0.084208
2760.000000 11.820631 8.881371 0.108948 0.182526 0.038447 0.084135
2770.000000 11.841369 8.902435 0.108194 0.182114 0.038423 0.084040
2780.000000 11.860636 8.921145 0.107444 0.181868 0.038403 0.083975
2790.000000 11.883403 8.942187 0.106701 0.181510 0.038397 0.083900
2800.000000 11.905720 8.963079 0.105965 0.181292 0.038381 0.083827
2810.000000 11.925985 8.984304 0.105234 0.180812 0.038371 0.083763
2820.000000 11.946789 9.005713 0.104509 0.180565 0.038348 0.083687
2830.000000 11.970974 9.029993 0.103791 0.179939 0.038331 0.083617
2840.000000 11.996079 9.053145 0.103078 0.179336 0.038303 0.083533
2850.000000 12.022745 9.077366 0.102369 0.178705 0.038290 0.083452
2860.000000 12.045596 9.096787 0.101667 0.177843 0.038271 0.083403
2870.000000 12.070456 9.118730 0.100970 0.177122 0.038236 0.083317
2880.000000 12.092341 9.137795 0.100278 0.176441 0.038216 0.083264
2890.000000 12.116019 9.157964 0.099591 0.176074 0.038192 0.083198
2900.000000 12.139759 9.179732 0.098908 0.175541 0.038171 0.083155
2910.000000 12.165184 9.204654 0.098228 0.175011 0.038152 0.083095
2920.000000 12.188926 9.226069 0.097554 0.174638 0.038121 0.083033
2930.000000 12.214181 9.248147 0.096884 0.174195 0.038097 0.082964
2940.000000 12.238914 9.270409 0.096218 0.173578 0.038064 0.082900
2950.000000 12.262975 9.290293 0.095556 0.173282 0.038025 0.082828
2960.000000 12.290014 9.313191 0.094902 0.172742 0.037998 0.082762
2970.000000 12.313539 9.333564 0.094252 0.172376 0.037977 0.082715
2980.000000 12.336986 9.354479 0.093608 0.172048 0.037953 0.082663
2990.000000 12.362985 9.377449 0.092969 0.171770 0.037922 0.082576
3000.000000 12.390053 9.401274 0.092336 0.171317 0.037899 0.082501
3010.000000 12.416244 9.425971 0.091707 0.170956 0.037877 0.082433
3020.000000 12.442336 9.448901 0.091083 0.170564 0.037859 0.082375
3030.000000 12.465292 9.470759 0.090466 0.170266 0.037842 0.082315
3040.000000 12.489526 9.493993 0.089852 0.170028 0.037815 0.082254
3050.000000 12.512844 9.514027 0.089241 0.169300 0.037791 0.082197
3060.000000 12.535424 9.533603 0.088635 0.168802 0.037761 0.082129
3070.000000 12.557427 9.553888 0.088036 0.168414 0.037739 0.082070
3080.000000 12.581038 9.576024 0.087441 0.168118 0.037713 0.082010
3090.000000 12.605539 9.601730 0.086850 0.167672 0.037685 0.081947
3100.000000 12.627665 9.622012 0.086262 0.167212 0.037666 0.081881
3110.000000 12.651294 9.643996 0.085679 0.166540 0.037639 0.081806
3120.000000 12.675965 9.668316 0.085102 0.165712 0.037623 0.081741
3130.000000 12.700811 9.691428 0.084529 0.165218 0.037605 0.081679
3140.000000 12.722726 9.712423 0.083961 0.164734 0.037586 0.081629
3150.000000 12.742369 9.730816 0.083395 0.164576 0.037570 0.081586
3160.000000 12.763502 9.748131 0.082834 0.164175 0.037555 0.081546
3170.000000 12.787214 9.768367 0.082278 0.163903 0.037528 0.081474
3180.000000 12.811397 9.788797 0.081727 0.163497 0.037501 0.081426
3190.000000 12.839314 9.812482 0.081180 0.163234 0.037471 0.081380
3200.000000 12.864226 9.835548 0.080638 0.162807 0.037444 0.081317
3210.000000 12.888958 9.855307 0.080101 0.162593 0.037425 0.081261
3220.000000 12.915887 9.878476 0.079569 0.162119 0.037417 0.081215
3230.000000 12.943952 9.901059 0.079040 0.161674 0.037402 0.081169
3240.000000 12.970224 9.923378 0.078516 0.161325 0.037385 0.081108
3250.000000 12.994437 9.944910 0.077994 0.160679 0.037377 0.081058
3260.000000 13.016684 9.964627 0.077476 0.160215 0.037359 0.081026
3270.000000 13.039329 9.984568 0.076961 0.159983 0.037341 0.080981
3280.000000 13.061456 10.004647 0.076446 0.159791 0.037324 0.080963
3290.000000 13.083289 10.024025 0.075935 0.159626 0.037309 0.080910
3300.000000 13.104550 10.045032 0.075428 0.159199 0.037300 0.080859
3310.000000 13.124403 10.064740 0.074924 0.159029 0.037296 0.080816
3320.000000 13.145385 10.086076 0.074425 0.158874 0.037284 0.080774
3330.000000 13.164374 10.106044 0.073928 0.158766 0.037268 0.080733
3340.000000 13.184125 10.126239 0.073433 0.158545 0.037248 0.080676
3350.000000 13.204804 10.147531 0.072943 0.158030 0.037227 0.080617
3360.000000 13.225686 10.166808 0.072454 0.157512 0.037209 0.080573
3370.000000 13.245697 10.187824 0.071970 0.157148 0.037190 0.080527
3380.000000 13.266156 10.207227 0.071489 0.156722 0.037174 0.080493
3390.000000 13.285952 10.226672 0.071011 0.156477 0.037150 0.080444
3400.000000 13.304261 10.245267 0.070538 0.156211 0.037143 0.080419
3410.000000 13.325153 10.266997 0.070068 0.155887 0.037133 0.080388
3420.000000 13.342089 10.285537 0.069602 0.155696 0.037137 0.080357
3430.000000 13.362926 10.306331 0.069140 0.155080 0.037121 0.080302
3440.000000 13.381105 10.324360 0.068683 0.155124 0.037108 0.080257
3450.000000 13.398909 10.340683 0.068227 0.154893 0.037095 0.080220
3460.000000 13.416435 10.356703 0.067774 0.154797 0.037087 0.080184
3470.000000 13.433933 10.375369 0.067325 0.154608 0.037082 0.080148
3480.000000 13.450822 10.393736 0.066879 0.154508 0.037085 0.080110
3490.000000 13.468174 10.413929 0.066435 0.154377 0.037071 0.080055
3500.000000 13.488015 10.432449 0.065996 0.154097 0.037055 0.080009
3510.000000 13.508169 10.453102 0.065560 0.153894 0.037040 0.079980
3520.000000 13.531314 10.475479 0.065127 0.153623 0.037031 0.079940
3530.000000 13.553234 10.496871 0.064697 0.153409 0.037026 0.079911
3540.000000 13.572125 10.513839 0.064272 0.153066 0.037015 0.079873
3550.000000 13.596169 10.536185 0.063848 0.152894 0.037006 0.079828
3560.000000 13.617059 10.556601 0.063426 0.152664 0.036999 0.079789
3570.000000 13.635956 10.574611 0.063008 0.152649 0.036985 0.079759
3580.000000 13.654776 10.594324 0.062591 0.152337 0.036974 0.079725
3590.000000 13.674185 10.613238 0.062178 0.152029 0.036959 0.079694
3600.000000 13.693855 10.633366 0.061769 0.151543 0.036955 0.079661
3610.000000 13.710800 10.648439 0.061365 0.151327 0.036944 0.079639
3620.000000 13.730991 10.669019 0.060962 0.150844 0.036939 0.079604
3630.000000 13.752111 10.689195 0.060562 0.150009 0.036938 0.079568
3640.000000 13.773289 10.708685 0.060165 0.149180 0.036925 0.079530
3650.000000 13.795939 10.730975 0.059771 0.148666 0.036907 0.079491
3660.000000 13.815796 10.750454 0.059379 0.148285 0.036891 0.079442
3670.000000 13.835761 10.771650 0.058992 0.147993 0.036894 0.079439
3680.000000 13.858218 10.792242 0.058609 0.147955 0.036877 0.079399
3690.000000 13.881793 10.813614 0.058230 0.147558 0.036876 0.079373
3700.000000 13.905402 10.836302 0.057852 0.147526 0.036877 0.079349
3710.000000 13.928436 10.855245 0.057477 0.147477 0.036870 0.079322
3720.000000 13.951324 10.875123 0.057104 0.147171 0.036860 0.079292
3730.000000 13.973528 10.893129 0.056735 0.147104 0.036843 0.079261
3740.000000 13.995172 10.912244 0.056370 0.147269 0.036836 0.079226
3750.000000 14.014245 10.931258 0.056007 0.147459 0.036815 0.079187
3760.000000 14.032570 10.947500 0.055646 0.147314 0.036809 0.079162
3770.000000 14.053393 10.967578 0.055288 0.147142 0.036795 0.079144
3780.000000 14.074468 10.984883 0.054934 0.147070 0.036783 0.079118
3790.000000 14.095761 11.004799 0.054580 0.146856 0.036779 0.079088
3800.000000 14.120591 11.028340 0.054230 0.146861 0.036773 0.079056
3810.000000 14.141341 11.048442 0.053881 0.146807 0.036768 0.079035
3820.000000 14.159730 11.065356 0.053534 0.146386 0.036766 0.079026
3830.000000 14.186552 11.086926 0.053190 0.146575 0.036751 0.078986
3840.000000 14.209024 11.104932 0.052848 0.146559 0.036746 0.078971
3850.000000 14.229971 11.122522 0.052508 0.146633 0.036741 0.078953
3860.000000 14.250400 11.143279 0.052171 0.146610 0.036721 0.078913
3870.000000 14.270561 11.164437 0.051838 0.146276 0.036722 0.078899
3880.000000 14.289726 11.182374 0.051505 0.146190 0.036723 0.078867
3890.000000 14.309330 11.202550 0.051174 0.145892 0.036710 0.078834
3900.000000 14.329348 11.221760 0.050844 0.145554 0.036707 0.078818
3910.000000 14.346066 11.236577 0.050517 0.145232 0.036703 0.078795
3920.000000 14.363550 11.254224 0.050194 0.145034 0.036704 0.078772
3930.000000 14.381894 11.273787 0.049873 0.144783 0.036691 0.078735
3940.000000 14.401445 11.291746 0.049555 0.144331 0.036680 0.078711
3950.000000 14.416766 11.305209 0.049238 0.143900 0.036679 0.078688
3960.000000 14.434141 11.320479 0.048923 0.143769 0.036674 0.078668
3970.000000 14.454127 11.341239 0.048613 0.143726 0.036667 0.078628
3980.000000 14.473710 11.358117 0.048305 0.143445 0.036661 0.078612
3990.000000 14.490563 11.372938 0.047999 0.143207 0.036667 0.078603
4000.000000 14.507032 11.389286 0.047695 0.143008 0.036665 0.078588
4010.000000 14.523079 11.404891 0.047394 0.142794 0.036658 0.078561
4020.000000 14.538031 11.420658 0.047093 0.142910 0.036658 0.078549
4030.000000 14.556675 11.439071 0.046795 0.142689 0.036655 0.078529
4040.000000 14.569574 11.453156 0.046499 0.142584 0.036642 0.078505
4050.000000 14.584030 11.468394 0.046205 0.142483 0.036640 0.078482
4060.000000 14.596707 11.484547 0.045913 0.142449 0.036640 0.078471
4070.000000 14.606275 11.497475 0.045623 0.142467 0.036633 0.078441
4080.000000 14.618729 11.510917 0.045332 0.142369 0.036636 0.078424
4090.000000 14.633353 11.526590 0.045043 0.142269 0.036631 0.078401
4100.000000 14.649056 11.541875 0.044756 0.142015 0.036634 0.078378
4110.000000 14.664577 11.555212 0.044469 0.142011 0.036631 0.078350
4120.000000 14.678666 11.572720 0.044185 0.141629 0.036630 0.078335
4130.000000 14.691612 11.586929 0.043902 0.141567 0.036628 0.078329
4140.000000 14.706004 11.600444 0.043622 0.141246 0.036617 0.078295
4150.000000 14.722902 11.618584 0.043346 0.141259 0.036605 0.078272
4160.000000 14.736394 11.632038 0.043071 0.141103 0.036598 0.078258
4170.000000 14.748139 11.646683 0.042799 0.141123 0.036598 0.078240
4180.000000 14.757238 11.655963 0.042528 0.141014 0.036594 0.078221
4190.000000 14.768446 11.667418 0.042258 0.141356 0.036592 0.078198
4200.000000 14.782519 11.682966 0.041990 0.141225 0.036572 0.078168
4210.000000 14.801078 11.701751 0.041725 0.141178 0.036564 0.078146
4220.000000 14.815965 11.714225 0.041461 0.141001 0.036556 0.078125
4230.000000 14.833445 11.730849 0.041198 0.141104 0.036548 0.078111
4240.000000 14.847390 11.744291 0.040938 0.141112 0.036536 0.078095
4250.000000 14.858088 11.754833 0.040678 0.141020 0.036542 0.078088
4260.000000 14.873748 11.771089 0.040421 0.140865 0.036538 0.078062
4270.000000 14.891577 11.786630 0.040166 0.140780 0.036540 0.078045
4280.000000 14.907885 11.801106 0.039913 0.140462 0.036536 0.078026
4290.000000 14.924478 11.816684 0.039660 0.140353 0.036526 0.078005
4300.000000 14.939878 11.830452 0.039410 0.140443 0.036520 0.077983
4310.000000 14.957550 11.844776 0.039162 0.140279 0.036506 0.077967
4320.000000 14.977103 11.860906 0.038915 0.140094 0.036497 0.077953
4330.000000 14.995398 11.879487 0.038668 0.140037 0.036488 0.077923
4340.000000 15.015052 11.896893 0.038423 0.139890 0.036487 0.077910
4350.000000 15.033515 11.914607 0.038178 0.139759 0.036480 0.077890
4360.000000 15.051521 11.932546 0.037935 0.139858 0.036469 0.077869
4370.000000 15.069019 11.949283 0.037692 0.139758 0.036457 0.077839
4380.000000 15.085363 11.967173 0.037452 0.139593 0.036446 0.077818
4390.000000 15.097329 11.983495 0.037213 0.139688 0.036444 0.077802
4400.000000 15.109589 11.998156 0.036974 0.139769 0.036438 0.077786
4410.000000 15.128141 12.017412 0.036737 0.139792 0.036440 0.077770
4420.000000 15.144523 12.034275 0.036502 0.139535 0.036429 0.077752
4430.000000 15.162343 12.053523 0.036269 0.139551 0.036429 0.077734
4440.000000 15.176224 12.069886 0.036038 0.139859 0.036432 0.077733
4450.000000 15.191067 12.087019 0.035807 0.139792 0.036427 0.077720
4460.000000 15.206146 12.100740 0.035579 0.139604 0.036426 0.077706
4470.000000 15.218587 12.112429 0.035353 0.139191 0.036426 0.077699
4480.000000 15.237359 12.132863 0.035128 0.139178 0.036423 0.077680
4490.000000 15.250891 12.146967 0.034905 0.139104 0.036420 0.077673
4500.000000 15.267339 12.160719 0.034685 0.139184 0.036416 0.077671
4510.000000 15.279982 12.174835 0.034465 0.139049 0.036413 0.077656
4520.000000 15.300050 12.191412 0.034246 0.139246 0.036410 0.077642
4530.000000 15.318965 12.209153 0.034028 0.139341 0.036404 0.077632
4540.000000 15.343736 12.232160 0.033813 0.139507 0.036402 0.077618
4550.000000 15.363476 12.249393 0.033599 0.139446 0.036404 0.077608
4560.000000 15.386533 12.269076 0.033388 0.139461 0.036406 0.077601
4570.000000 15.403069 12.286804 0.033178 0.139358 0.036401 0.077578
4580.000000 15.418949 12.302345 0.032970 0.139450 0.036406 0.077576
4590.000000 15.436983 12.321740 0.032763 0.139583 0.036407 0.077568
4600.000000 15.457137 12.344718 0.032556 0.139622 0.036406 0.077553
4610.000000 15.475732 12.366262 0.032351 0.139489 0.036399 0.077534
4620.000000 15.490418 12.385423 0.032147 0.139314 0.036398 0.077519
4630.000000 15.513197 12.409626 0.031945 0.139388 0.036396 0.077505
4640.000000 15.531754 12.428495 0.031745 0.139425 0.036401 0.077493
4650.000000 15.554088 12.452124 0.031546 0.139035 0.036395 0.077465
4660.000000 15.573185 12.473671 0.031347 0.138922 0.036393 0.077451
4670.000000 15.588619 12.493961 0.031149 0.138924 0.036393 0.077440
4680.000000 15.608041 12.518356 0.030952 0.138906 0.036391 0.077424
4690.000000 15.624725 12.534891 0.030755 0.138380 0.036391 0.077414
4700.000000 15.646116 12.554788 0.030560 0.137965 0.036390 0.077409
4710.000000 15.667744 12.574813 0.030367 0.138004 0.036388 0.077393
4720.000000 15.685321 12.595237 0.030175 0.137817 0.036388 0.077388
4730.000000 15.705173 12.618367 0.029985 0.137444 0.036382 0.077378
4740.000000 15.725362 12.643177 0.029797 0.137058 0.036376 0.077357
4750.000000 15.743889 12.664910 0.029611 0.136857 0.036377 0.077343
4760.000000 15.767630 12.691908 0.029426 0.136480 0.036373 0.077329
4770.000000 15.790080 12.719530 0.029243 0.136233 0.036379 0.077318
4780.000000 15.811885 12.744551 0.029060 0.136189 0.036377 0.077313
4790.000000 15.837225 12.773131 0.028879 0.136273 0.036370 0.077300
4800.000000 15.856983 12.798553 0.028700 0.136130 0.036373 0.077296
4810.000000 15.875929 12.817074 0.028521 0.135866 0.036362 0.077286
4820.000000 15.900100 12.843171 0.028344 0.135882 0.036365 0.077268
4830.000000 15.918667 12.863363 0.028168 0.135963 0.036362 0.077262
4840.000000 15.940732 12.890672 0.027993 0.135896 0.036360 0.077249
4850.000000 15.962699 12.915588 0.027818 0.135982 0.036361 0.077253
4860.000000 15.988854 12.941954 0.027643 0.135804 0.036362 0.077242
4870.000000 16.014800 12.970521 0.027469 0.135601 0.036361 0.077233
4880.000000 16.037283 12.997755 0.027296 0.135362 0.036356 0.077225
4890.000000 16.065540 13.025399 0.027124 0.135138 0.036350 0.077202
4900.000000 16.094289 13.053780 0.026953 0.134860 0.036342 0.077187
4910.000000 16.123795 13.082009 0.026783 0.134586 0.036329 0.077178
4920.000000 16.153900 13.108949 0.026615 0.134165 0.036322 0.077166
4930.000000 16.186337 13.135180 0.026448 0.134034 0.036315 0.077157
4940.000000 16.210165 13.154510 0.026282 0.133910 0.036312 0.077159
4950.000000 16.237762 13.177451 0.026116 0.133901 0.036307 0.077156
4960.000000 16.259988 13.198502 0.025950 0.133807 0.036304 0.077145
4970.000000 16.291094 13.226750 0.025785 0.133558 0.036299 0.077145
4980.000000 16.317888 13.252381 0.025621 0.133481 0.036294 0.077127
4990.000000 16.342851 13.277176 0.025458 0.133386 0.036292 0.077118
5000.000000 16.363699 13.298948 0.025296 0.133323 0.036287 0.077109
